408.6	881.57	1042.94	888.14	1.5	2.33	21	45	11835.42	239.08	69.58	14.92	1.25
422.16	930.13	997.03	975.56	1.74	3.41	21	46	11832.15	235	68.81	15.7	1.74
428.36	944.21	1023.05	986.71	2.07	3.36	21.07	46	11837.71	245.29	73.21	17.5	1.5
537.75	948.05	998.5	947.98	2.24	7.19	23.48	44.86	11752.76	244.19	82.43	20.95	4.48
451.21	893.96	978.96	938.1	1.93	5.52	24	43.03	11762.21	211.1	73.55	18.07	2.86
440.41	914.08	999.11	967.37	1.93	4.3	23.63	43.77	11756.5	215.23	69.83	17.37	2.23
431.14	919.89	1008.57	966.08	2.23	4.6	23	44	11756.9	234.37	78.93	18.37	2.17
422.08	921.29	988.53	961.4	2.14	6.31	23	44	11752.14	234.24	78.38	19.9	3.52
419.38	917.34	988.67	954.88	1.97	4.07	23	43.79	11758.72	226.52	72.21	18.55	2.38
420.42	919.74	970.8	969.93	1.88	3.58	23	43.54	11644.85	217.27	68.08	16.38	2.12
421	926.8	954.73	967.45	2.27	2.91	23	43	11763.73	233.36	70.91	17.09	1.27
424.89	919.99	996.78	953.93	2.63	3.48	23	44	11759.56	283.22	93.44	20.11	1.37
422.2	907.22	999.87	924.08	1.78	2.72	23	44	11749.44	248.17	78	16.72	1.28
420.29	893.08	1006.46	906.34	1.78	1.78	22	44	11748.22	242.44	74.56	15.44	0.11
404.34	919.7	988.08	933.81	0.67	5.3	22	46.77	11744.77	186.2	46.17	11.4	3.97
401.8	900.75	1004.83	915.35	0.23	2.63	22	47.47	11749.77	165.3	35.1	7.23	2.07
400.35	909.99	1019.14	912.65	0	0.05	22	49	11749.5	138.73	22.59	4.05	0.18
422.67	1106.37	8.1	1101.3	4.33	9	10.67	74	11775.67	402.67	118.33	40	5.67
396.77	977.97	796.29	1192.22	3.67	8.87	11	71.27	11838.13	357.83	104.27	33.97	5.13
396.71	988.32	792.26	1213.13	4.2	9.37	11	73.37	11845.33	413.8	120.77	36.3	5.23
395.28	968.69	778.86	1194.2	3.37	8.37	10.1	74.8	11847.8	368.9	103.5	32.03	5.03
395.53	1008.44	791.75	1267.31	2.5	4.4	8.17	86.5	11834.6	366.9	81.5	24.33	3.07
396.63	999.23	760.69	1219.7	4.34	8.07	7.86	87.59	11829.62	473.86	127.34	39.34	4.79
395.83	965.23	750.64	1178.95	3.37	6	8	85.83	11831.43	426.87	108.73	29.6	3.37
394.03	957.49	747.58	1162.69	2.7	4.2	7.23	86.07	11829.07	402.5	88.73	21.27	2.37
395.51	958.77	754.04	1157.42	3.9	6.1	6.97	87.9	11828.47	477.43	128.83	31.87	3.23
396.7	967.52	747.26	1103.41	6.5	8.23	5.47	90.53	11822.87	686.53	215.27	47.5	3.6
396.77	973.21	757.23	1118.68	5.87	7.53	4.53	93.07	11814.03	651.27	197.13	47.23	3.13
399.59	961.06	760.73	1112.87	7.23	8.67	4.53	92.23	11792.77	736.93	231.93	55.3	3.27
401.51	985.26	764.23	1111.45	8.17	9.9	4	93.03	11818.83	809.73	265.83	59.5	3.63
394.33	938.35	753.38	1058.74	4.53	6.87	4.27	90.9	11811.1	562.77	152	37.93	3.7
393.57	945	749.6	1036.89	5.73	7.35	2.69	92.88	11810.31	653.42	189.5	44.5	3.23
393.89	988.24	748.54	1070.24	5.14	8.71	2	95.43	11807.29	632.29	169	42.29	4.57
397.11	964.16	757.77	1012.15	5.36	6.55	1	95.73	11805.91	670.18	176.55	43.09	3.27
397.91	977.39	761.72	1020.46	3.89	6.33	1	95.89	11804.17	598.06	145.17	35.39	3.94
412.97	977.71	768.76	1030.08	4.2	6.03	0.47	96.33	11801	595.2	141.07	36.23	3.37
423.2	988.01	777.4	1035.74	4.3	5.73	0	96.67	11767	622.5	154.13	36.17	2.83
430.14	1011.93	797.36	1084.44	6.57	8.33	0.93	97.8	11803.7	753.47	219.63	53.5	4.07
422.78	1046.98	808.61	1123.33	8.53	11.37	2.7	98.9	11809.1	872.83	286.6	68.9	5.5
412.55	1040.96	784.76	1102.7	9.03	12.3	4.67	93.9	11815.33	863.47	295.7	69.23	5.3
404.1	993.81	772.95	1121	9.4	11.37	5.37	90.6	11824.73	869.47	301.93	68.87	4.07
402.9	974.03	788.16	1073.7	9.37	11.3	6.57	86.47	11826.5	868.4	300.8	67.37	3.97
399.86	878.2	747.37	995.3	6.47	8.57	9.83	71.63	11837.63	611.03	201.8	46.83	3.2
394.17	874.49	744.99	1039.59	5.86	9.69	9.14	68.24	11837.97	579	186.66	43.03	4.59
395.01	912.01	767.25	1079.66	7.27	10.47	7.87	74.47	11830.97	702.27	233.33	55.13	5.07
399.8	982.91	788.42	1091.41	13.63	18.63	5.73	83.1	11816.37	1114.5	421.3	100.23	7.77
423.34	1008.57	820.41	1095.59	14.97	17.97	3.62	89.76	11817.79	1319.07	495.72	106.86	6.52
439.23	1011.32	835.59	1105.54	25.72	27.76	2.83	92.72	11810.72	2137.9	854.59	182.24	8.86
451.46	1001.28	847.38	1086.76	54.97	56.93	2	94.55	11807	4131.03	1782.38	397.69	16.34
463.3	988.26	865.94	1036.34	48.77	53.33	1.53	95	11806.7	3894.67	1640.03	347.97	17.07
486.58	997.39	909.81	1072.95	54.9	57.97	1.77	96.3	11800.33	4309.77	1819.77	387.53	17.77
497.04	992.1	926.04	1043.98	55.8	56.97	2.93	95.43	11812.63	4381.43	1860.37	383	15.5
497.95	971.19	920	1021.78	68.83	70	2.21	95.07	11809	5348.24	2295.34	468.79	17.34
486.85	971.17	919.69	1017.35	61.03	61.47	2	95.63	11807.17	4863.67	2059.57	408.33	13.6
475.03	972.37	918.57	1000.98	52.55	54.07	2.9	95.21	11801.86	4196.62	1756.03	352.24	13.62
450.44	955.46	890.92	989.16	36.86	39.52	3	94.95	11804.62	2976.95	1215.95	250.33	10.29
437.15	935.23	869.45	946.74	29.53	31.74	2.53	94.63	11805.68	2471	985.84	206.42	8.05
429.23	921.32	852.44	926.79	24.17	26.87	1.09	94.78	11804.22	2134.48	825.87	169.96	7.61
427.14	929.99	840.7	939.07	20.76	22.12	0	95.65	11802.06	1884.18	705.65	145.24	5.35
426.52	950.76	844.71	977.2	20.69	22.5	0	96.69	11799.88	1936.58	720.35	154.69	6.42
419.46	974.2	826.02	1013.27	16.35	18.08	0.19	97.15	11796.69	1550.35	572.15	124.15	5.12
395.48	937.45	789.42	1027.61	3.14	4.31	2.72	88.83	11808	503.31	108.17	25.93	2.24
395.58	914.44	758.82	1030.07	3.07	4.45	4.07	82.55	11813.1	477.69	110.34	26.83	2.79
396.18	901.49	757.61	1042.81	3.73	5.23	5.33	76.73	11811.13	501.77	122	31.03	2.67
408.6	948.31	792.33	1050.06	8.2	10.03	6	77.03	11829.77	803.6	259.73	60.97	3.8
409.8	955.88	815.65	1041.09	9.66	11	5.83	79.07	11827.72	928.93	313.38	70.14	3.97
404.71	941.88	804.61	1017.86	7.93	8.6	5.57	78.6	11822.37	823.9	260.07	55.07	2.57
401.04	922.92	790.37	1007.77	6.79	7.41	6	74.38	11818.97	746.21	231.07	46.97	1.97
400.47	928.41	787.17	1028.99	6.7	7.37	6	73.73	11823.37	724.27	222.43	47.27	2.33
406.75	974.55	810.31	1046.51	9.43	10.53	6	76.63	11822.23	935.13	309.47	64.67	3.37
401.69	951.44	787.18	1078.06	6.4	7.47	5.83	76.8	11822.73	719.13	215.83	44.13	2.73
399.46	1005.55	809.32	1162.65	6.7	8	5	89.2	11814.8	740.93	221.13	48.97	3.1
399.91	1007.55	806.42	1174.74	6.57	7.47	5.03	95.17	11817.9	724.7	217.9	46.83	2.7
399.14	995.17	803.12	1166.24	9.83	10.7	6	96.6	11820.07	974.1	321.6	68.07	2.9
395.8	943.39	768.35	1117.68	5.87	6.23	5.23	94.63	11819.13	693.3	200.03	40.83	1.87
401.5	967.03	772.52	1111.45	9.3	9.47	5	95.67	11820.2	1010.33	328.5	63.67	2.4
402.59	978.24	777.88	1122.32	8.7	9.2	5.1	97.83	11803.6	933.73	295.83	59.07	2.47
396.02	964.38	790.2	1141.98	3.6	3.7	6.53	98.43	11823.4	519.77	124.17	25.03	0.93
391.81	937.15	774.65	1167.4	1.17	1.3	7.47	96.7	11830.43	327.57	43.33	10.23	0.9
390.85	921.7	776.3	1153.82	0.68	1.32	8	96	11826.89	309	34.68	7.68	0.84
392.79	939.41	792.49	1126.8	1.69	4	8	97	11835.83	361.9	66.17	15.45	2.41
392.59	916.3	770.49	1156.3	1.93	3.83	8	95.66	11828.86	370.31	66.45	18.59	2.28
392.58	905.23	760.26	1159.77	1.73	3.6	8.07	93.2	11838.03	346.37	61.5	16.23	2.57
393.51	909.16	767.38	1162.26	2.13	4.17	9	90.37	11840.2	363.37	76.7	21.13	2.3
395.53	900.94	777.19	1140.88	3.07	4.9	9.23	88.83	11849.57	406.4	99.63	25.23	2.63
394.96	904.64	794.26	1152.63	3.3	7.33	10.4	88.2	11844.43	398.53	104.33	30.2	3.57
393.42	908.48	796.76	1126.95	3.15	6.77	10	88.23	11838.23	388.62	98.38	27.85	3.69
395.67	973.73	666.55	1173.97	3.55	6.27	8.64	100.5	11820.59	451.09	118	30.27	3.68
396.21	934.05	694.69	1151.83	3.53	5.5	8.53	98.23	11836.43	447.37	118.23	29.67	2.87
398.48	937.84	721.81	1131.4	5.7	7.43	8	98.63	11838.13	597.27	182.03	40.97	2.47
398.48	944.77	733.41	1095.03	6.07	7.17	8	99	11835.87	666.57	205	41.53	2.43
398.2	932.49	742.32	1090.83	7.27	8.63	8	99	11832.53	726.43	237.17	49.37	2.8
397.15	933.8	741.62	1107.26	7.03	9.48	8.38	99	11836.03	675.41	221.62	51.45	3.52
396.09	916.54	735.19	1112.12	4.37	6.43	8	99	11819.53	518.67	143.5	33.6	2.73
396.32	924.72	727.15	1122.23	4.92	6.46	8	99	11832.25	553.71	159.63	39.21	2.5
398.34	944.7	748.59	1081.1	3.7	4.17	7	97.6	11827.5	483.23	118.6	27.47	1
396.51	930.36	739.12	1079.39	1.07	1.59	6.45	97.52	11789.21	346	48.1	11.41	0.83
396.82	924.28	734.24	1073.22	1.27	1.63	6.03	95.9	11821.17	350.7	49.8	11.7	1.03
396.86	919.74	718.42	1079.32	1.4	1.67	6.27	93.9	11832.37	345.17	52.13	12.03	0.77
396.29	909.39	711.87	1075.14	1	1	7	90.27	11828.8	298.43	36.03	7.63	0.5
396.82	903.7	720.69	1060.73	0.93	1	7.03	88.33	11832.03	306.13	35.73	8	0.63
397.02	907.08	723.09	1046.22	0.97	1.1	7.83	86.37	11834.03	311.53	40.3	9.6	0.9
396.39	894.98	735.28	1055.58	0.97	1.07	7.1	85.73	11833.3	297.77	36.9	8.03	0.6
397.57	897.77	740.15	1048.96	1.03	1.17	7	84.63	11829.6	312.6	39.47	8.23	0.53
396.79	905.52	732.24	1040.44	1.1	1.1	7	83.73	11829.2	329.1	43.43	8.93	0.37
400.78	921.71	736.89	1064.46	4.9	5.13	6.07	85.2	11829.3	661.8	194.9	37.33	1.2
405.76	929.26	754.46	1061.13	12.5	12.83	5.47	86.8	11819.1	1127.37	395.27	82.2	2.07
408.42	949.52	774.55	1046.94	8.7	8.73	4.77	89.2	11818.5	908.97	289.87	57.87	1.17
409.5	979.78	773.73	1061.75	10.97	11.23	4	91.5	11820.8	1114.53	379.07	70.77	2.33
403.69	933.06	755.5	1053.93	7.57	7.77	4.73	87.8	11823.27	837.87	263.03	51.67	1.33
408.43	956.71	777.66	1034.15	14.3	14.43	5	89.23	11820.8	1330.53	482.47	90.2	2.23
408.74	983.01	798.86	1036.41	17.13	17.53	5.97	93.73	11820.97	1481.27	562.53	111.53	2.93
404.3	967.04	789.41	1019.64	11.93	12.32	6	93.11	11822.5	1096.61	394.96	80.54	2.46
411.56	960.63	781.33	994.51	13.21	13.59	5.55	92.07	11821.41	1206.59	435.34	86.03	2.31
413.79	925.54	794.47	942.02	12	12.57	3.63	93	11817.17	1174.73	408.7	81.57	2.07
417.89	944.03	821.43	957.52	15.7	17.35	2.39	96.26	11801.91	1391.17	513.39	112.96	5.65
406.2	963.07	807.72	987.96	8.23	10.69	2.81	96.46	11807.15	896.46	279.85	60.69	4
422.31	962.37	818.6	996.47	3.71	4.57	3	96	11813.14	574.43	124.71	25.86	1.43
395.28	940.7	737.2	1007.2	3	3	4	90.6	11820	463.6	85.8	19.6	0.6
398.4	929.19	759.25	994.27	6.67	7.07	4	88.33	11808.33	751.8	219.43	47.23	1.57
397.8	917.12	777.81	980.15	5.97	6.57	4	88.63	11813.23	733.17	206.8	42.13	1.33
397.09	910.34	783.56	963.83	4.89	5.14	4.93	86.32	11817.25	654	177.07	34.64	0.93
399.9	918.75	771.98	983.34	6.47	6.67	6	83.03	11823.73	738.6	222.73	43.97	1.23
401.9	935.65	769.57	1019.44	8	8.27	6.67	81.33	11832.8	840.77	272.1	51.7	1.63
399.02	914.91	754.84	1014.8	7.53	7.7	7	79.23	11828.67	807.83	260.97	49.77	1.17
400.42	931.62	773.34	1023.18	8.27	8.3	7	79.7	11832.03	850.07	281.17	55.5	1.23
397.28	902.8	755.6	1035.85	9.5	9.53	6.67	78.47	11833.13	957.1	330.8	61.3	0.9
398.21	916.11	758.66	1026.32	11.47	11.5	6.87	75.07	11829.9	1084.57	388.03	71.7	1.23
406.88	950.25	786.24	1022.27	21.87	21.87	6	82.33	11831	1916	758.8	139.03	1.77
410.45	979.37	797.34	1031.17	18.03	18.2	6	84.3	11833.3	1569.17	602.3	116.27	2.77
421.44	997.07	806.66	1057.67	25.9	26	5.8	85.9	11833.5	2130.3	848.93	166.5	4.17
422.15	997.15	808.69	1049	27.03	27.3	5	87.07	11832.77	2155.27	872.13	178.53	4.17
410.52	969.95	790.95	1042.76	17.87	18.07	5	86.7	11828.97	1533.37	579.4	118.1	3
414.87	974.62	797.87	1007.98	23.57	23.7	4.47	89.13	11823.03	1967.03	777.37	157.93	4.47
430.27	990.62	823.32	1034.24	33.23	33.57	4	92.57	11814.37	2701.93	1114.1	224.57	6.33
438.19	985.81	839.94	1004.04	43.27	43.4	4	92.8	11822.17	3416.3	1417.5	287.73	7.17
436.18	959.91	835.12	975.47	37.76	39.07	3.31	93.38	11822.79	3071.72	1261.21	252.17	7.66
438.72	961.6	860.82	983.01	38.77	39.45	3	95.5	11763.14	3103.5	1273.05	264.64	8.09
442	945.87	864.56	955.42	38.11	38.61	3	95	11825.06	3107.06	1267.56	255.17	6.94
420.46	937.02	835.86	949.7	14.63	15.73	3.17	94	11818.73	1359.87	484.87	100.97	3.43
423.53	948.62	840.2	962.08	11.2	11.7	4	94.07	11819.67	1112.27	376.87	78.93	2.77
412.5	964.63	825.9	978.91	6.48	6.86	4	95.59	11818.76	759.48	217.83	46.38	1.9
402.51	980.52	779.75	1042.98	4.67	4.93	4	96.9	11822.67	649.07	163.13	32.03	0.93
395.83	960.42	767.99	1106.69	2.73	2.93	4.97	97.33	11828.3	466.7	90.33	18.97	1.23
394.99	944.87	752.23	1100.25	2.97	3.13	5.47	96.9	11825.17	460.07	100.93	22.2	0.97
396.18	934.61	753.02	1124.36	2.33	2.5	6.1	96.67	11830.87	420.67	82.57	16.1	0.57
393.56	913.8	758.43	1110.61	1.53	1.83	7	94.8	11833.2	371.43	60.6	12.77	0.67
393.19	898.99	748.58	1060.67	1.33	1.93	7.6	92.63	11836.3	342.87	54.27	12.2	1.27
396.16	922.96	759	1079.43	1.83	2.83	7	95.1	11839.73	403	73	15.6	1.4
398.01	954.38	752.86	1089.09	3.77	4.67	7	96.33	11836.6	524.53	132.6	29.47	1.7
396.67	942.18	758.09	1076.21	3.5	4.2	7	96.47	11832.97	493.03	123.13	27.03	1.5
403.76	963.93	761.4	1122.44	7.2	8.23	6.17	97.6	11824.9	737.17	234.47	52.93	2.73
399.87	955.59	770.39	1108.43	7.23	9.17	6	97.9	11829.57	746.73	242.4	51.93	3.6
398.21	948.04	754.95	1125.43	6.07	7.7	6	98.1	11823.1	678.6	204.77	45.6	3.3
395.56	920.57	756.62	1085.61	5.47	7.03	6	97	11828.6	645.53	190.17	42.83	3.13
394.56	926.98	754.19	1068.84	4.5	6.23	6	97.13	11830.3	567.33	152.73	35.37	2.97
395.8	929.88	754.83	1050.16	6.21	9.55	6	97.14	11826.1	687.52	202.55	44.79	3.41
395.51	925.04	769.28	1052.72	7.23	9.4	6	97	11827.27	748.63	237.3	54.77	4.37
393.77	920.06	774.8	1027.79	5.52	7.28	6	96.97	11826.69	636.03	190.48	40.72	3.07
394.85	940.41	781.17	1015.88	5.52	6.84	6	97.48	11830.28	657.96	187.88	39.76	2.16
394.96	933.38	750.99	1060.84	6.07	7.93	6	96.86	11823.54	695.86	205.86	44.86	2.93
395.27	947.93	765.39	1050.16	4.22	6.3	6	96.78	11810.93	577.44	149.56	33.19	3.07
397.85	971.13	766.23	1051.91	5.3	7.87	6	96.27	11816.9	634.63	179.9	42.2	3.73
402.49	992.51	758.48	1058.54	6.97	8.77	5.5	96.97	11827.8	752.57	230.83	53.13	3.4
411.5	998.85	771.24	1054.96	9.23	11.9	5	97.87	11828.7	889.67	297.73	67.37	4.33
404.22	995.69	768.56	1091.59	8.47	9.37	6.1	97.03	11826.23	818.63	273.1	62.57	2.83
399.5	942.7	773.93	1096.71	6.6	7.43	7.93	90.7	11818.07	697.7	215.27	48.33	2.13
398.37	913.48	763.23	1086.43	5.4	6.5	8.87	85.43	11841.93	605.83	182.7	37.63	2.27
399.59	897.42	773.27	1065.37	4.97	6.37	11.2	76.57	11854.3	523.43	158.37	35.83	2.33
398.65	895.6	745.96	1056.03	4	5.3	10.3	75.03	11847.97	465.67	132.6	30.2	2.3
397.86	913.45	749.78	1086.28	4.1	5.37	9.6	74.8	11842.77	464.93	130.57	31.2	2.33
398.89	932.53	758.72	1073.03	3.77	4.93	9.13	76.3	11840.5	469.2	127.63	28.9	1.87
403.47	1008.34	769.47	1109.2	4.43	6.63	7.93	82.8	11838.33	548.9	154.27	34.4	2.87
419.88	1047.24	792.16	1117.01	9.73	10.87	7	88.7	11833.77	914.43	318.4	65.7	3.1
427.98	1041.88	809.69	1117.26	14.93	15.7	6.17	90.73	11830.87	1268.13	477	101.1	3.73
448.78	1034.09	846.57	1094.13	20.27	21.63	6	92.93	11830.27	1694.77	671.7	134.4	5.4
452.19	1033.75	844	1090.06	24.97	26	6	93	11834.2	2014.87	812.63	168.4	6.13
449.4	1012.56	853.72	1070.06	27.9	28.97	6	92.9	11832.43	2246.7	906.7	184.23	6.83
449.99	1001.53	856.95	1060.39	32.1	33.5	6	93	11820.7	2501	1037	212.63	7.2
459.5	995.28	896.35	1047.94	34.9	36.03	6	94.17	11824.07	2685.2	1119.17	230.2	9.03
452.22	993.76	891.12	1040.25	32.67	33.33	6.8	94.6	11831.53	2550.23	1051	212.97	7.17
417.48	985.5	831.23	1025.36	19.13	20.53	6.47	95.17	11818.7	1589.37	621.5	130.23	5.93
405.21	971.2	808.38	1014.08	13.83	16	6	96	11824.17	1251.48	455.79	95	4.93
401	925.8	825.63	998.08	11.25	15	6	96	11818.25	1089.75	388.5	81.5	6
398.28	937.7	800.76	995.49	8.14	9.71	6	96.46	11819.82	838.32	264.61	57.68	2.96
402.78	973.93	794.64	1008.98	5.93	7.7	6	96	11819.47	692.2	206.6	42.93	2.4
404.16	976.2	786.33	1027.35	6.24	7.72	6	96.1	11822.86	695.07	206.62	45.34	2.83
403.78	971.39	789.91	1043.02	6.93	8	6.7	95.17	11830.47	755.5	236.4	50.2	2.77
400.37	945.9	781.38	1056.96	6.13	6.7	7	93.87	11832.67	690.73	208.7	40.63	1.9
402.34	942.3	777.11	1064.02	6.97	7.73	7	92.97	11834.47	752.63	236.37	45.27	2
400.38	941.19	771.4	1076.03	5.83	6.43	7	91.73	11833.83	673.63	198.73	37.5	2.23
400.7	946.76	774.96	1093.69	6.23	6.87	7.07	92.6	11834.4	705.37	220.17	41.83	1.93
398.31	944.44	774.61	1122.42	5.97	6.63	7	95.37	11822.37	669.07	203.67	40.23	1.83
396.32	940.12	761.36	1142.73	4	5	7	96.6	11820.53	534.27	139.63	29.57	2.03
395.88	937.29	757.42	1119.08	3.97	4.9	6.73	98	11828.7	521.23	132.37	30.17	2.1
395.59	937.94	746.95	1128.96	4.4	4.93	6	98.93	11831.2	537.33	140.07	31.63	1.63
395.15	922.51	750.21	1128.79	3.72	4.07	6.41	97.97	11824.97	502.14	122.1	26.97	1.52
395	915.66	757.12	1111.82	4.1	4.87	7	97.3	11831.43	538.07	139.87	29.6	1.5
394.13	907.01	758.1	1115.38	4.33	5.3	7	98.43	11825.83	542.53	142.9	32.13	2.3
392.95	898.96	750.57	1091.36	2.83	3.97	7	96.7	11828.53	432.9	98.3	23.97	2.03
393.16	886.51	758.6	1070.54	2.43	2.73	7	93.93	11834.17	396.33	81.1	17.9	1.03
392.43	863.54	758.05	1066.45	1.67	1.9	7.97	89.67	11829.3	335.93	57.57	13.07	1.07
391.42	884.12	756.5	1081.4	1.5	1.8	7.23	92.97	11827	337.93	57.27	13.7	1.1
391.28	888.31	756.2	1073.48	1.58	2.54	7	94.21	11833.67	355.71	59.29	14.92	1.5
391.58	885.45	761.44	1061.81	1.39	2.33	7.11	94.11	11820.56	363.67	62.56	14.5	1.5
391.22	902.5	748.18	1106.5	2.15	3.41	7.3	96.37	11821.74	395.52	75.7	18.7	1.56
392.19	897.61	755.38	1118.97	1.33	3.33	7.93	97.47	11819.33	360.53	60.33	14	2.47
392.25	889.97	749.4	1103.49	1.07	2.48	8	96.11	11811.59	335.11	52.67	12.37	1.56
392.41	895.86	749.36	1106.7	1.39	2.39	8	96.29	11792.07	347.61	55.5	13.18	1.11
393.77	900.98	745.85	1145.19	1.9	2.2	8	96.23	11836.57	347.37	66.43	14.63	0.67
393.4	890.39	748.01	1128.21	1.83	2.17	8.97	94.67	11842.07	341.53	63.43	15.27	1.1
394.36	877.66	764.82	1093.42	1.67	1.77	9.5	90	11844.07	324.4	60.03	13.47	0.67
394.83	866.74	764.39	1083.31	1.7	1.97	10.23	86.23	11842.2	313.17	58	12.17	0.53
394.72	856.31	761.13	1088.63	1.87	1.93	11.1	83.03	11848.63	319.77	63.73	13.4	0.53
394.48	857.98	757.7	1088.19	1.93	2.57	11.6	81.07	11848.63	324.33	70.37	16.43	1
396.74	896.37	765.86	1121.06	1.8	1.87	10.53	88.1	11845.2	323.23	64.37	13.33	0.53
394.95	923.68	765.5	1146.39	1.83	1.97	9.53	95.33	11836.7	335.43	64.87	14.07	0.6
394.29	922.37	758.94	1142.39	1.83	2.03	9	97.67	11830.03	361.77	69.03	14.87	0.7
394.57	928.23	771.1	1162.8	1.73	2.03	9	99.37	11834.73	342	63.77	15.03	0.53
394.33	926.29	748.47	1174.99	1.23	1.4	9	100	11831.03	324.9	48.97	10.6	0.7
393.87	916.29	764.73	1134.04	1.07	1.1	9	100.6	11833.43	312.93	41.47	8.67	0.4
395.09	921.77	764.43	1116.11	1.03	1.2	9.13	100.97	11839.77	294.97	42.77	8.77	0.27
398.23	924.28	774.35	1099.71	2.1	2.27	10	100.23	11848.43	372.07	78.43	14.83	0.5
394.33	884.42	712.73	1160.72	1.33	1.7	8.73	97.83	11846.8	300.87	45.23	11.03	1.17
393.68	888.46	716.61	1142.4	1.37	2.77	8	96.47	11834.97	320.03	51.3	13.87	1.93
395.3	905.9	737.57	1120.3	2.5	4.73	7.08	96.62	11832.96	393.15	89.38	23.46	2.62
393.36	897.68	726.43	1130.18	2	3.92	7	97.36	11830.72	371.56	72.76	20.12	2.08
392.19	900.34	742.94	1103.45	0.88	2.18	6.47	97.41	11824.76	337.53	38.59	11.35	1.65
393.15	909.82	745.56	1109.61	1.09	2.52	6.26	98.09	11823.39	346.65	49.43	14.04	1.91
393.96	925.75	742	1088.64	1.54	2.46	6	98.79	11816.5	386.46	64.04	16.43	1.43
395.1	912.59	744.13	1093.33	1.93	3.17	5.2	97.97	11817.23	403.13	73.43	17.13	1.5
396.6	938.11	742.56	1116.72	2.2	3.17	6.07	97.2	11818.53	404.57	76.23	20.87	1.83
396.89	902.07	742.07	1115.63	1.63	2.53	8.1	90.57	11832.97	319.7	54.27	14.47	1.67
398.21	854.22	753.48	1080.03	1.7	3.67	10.83	76.8	11851.6	307.57	58.27	16.67	2.63
396.18	819.78	728.46	1073.61	2.3	5.43	10.9	71.23	11847.8	339.83	75.87	22.9	3.5
396.19	854.09	748.57	1103.61	2.4	4.9	9.8	74.4	11842.3	340.8	79.13	22.03	2.87
396.18	887.73	742.02	1134.63	2.17	4.63	8.67	76.47	11834	335.77	72	21.97	3.03
395.98	892.17	733.93	1139.01	1.87	3.27	8.37	78.07	11838.3	322.03	63.77	17.53	1.83
398.04	923.99	744.53	1143.48	1.83	3.07	7.73	81.93	11828.2	333.63	61.87	16.37	1.87
404.82	983.24	766.75	1145.04	4.23	5.8	6.97	89.03	11827.97	519.77	138.53	33.47	2.8
406.41	978.19	768.24	1138.48	7.27	9.37	6	92.3	11821.93	740.1	239.27	52.13	3.57
408.35	989.93	774.82	1108.66	10.93	11.83	5.2	94.23	11822.17	1035.97	366.03	75.33	3.7
410.25	999.8	793.7	1101.88	11.73	13.2	5.7	94.73	11826.33	1081.5	384.27	81.23	4.07
410.07	955.02	793.08	1015.41	13.57	14.9	4.93	93.5	11819.77	1222.4	448.03	91.87	4.57
441.22	980.66	823.69	1032.89	20	20.57	3.13	96.6	11818.43	1773.77	679.1	138.23	5.43
440.44	995.32	846.06	1048.03	23.87	24.5	3	98.23	11816.13	2090.67	824.7	160.47	5.73
436.66	979.21	845.13	1014.08	26.86	28.69	3	98.07	11812.76	2245.9	901.38	184.21	8.1
415.74	995.24	788.89	1043.8	17.21	19.86	2.82	99.32	11812.11	1517.68	571.14	122.5	5.54
402.38	1021.34	773.31	1061.04	13.18	17.41	4	98.76	11814.88	1176.65	431.65	99.53	7.18
397.48	966.51	784.33	1014.88	15.35	21.29	4	97	11815.53	1214.71	458.71	125.65	9.41
396.6	959.33	758.82	1029.79	11.63	15.07	3.03	97.33	11805.27	1000.63	355.57	93.2	5.47
398.93	965.05	764.81	1033.14	10.63	11.97	3	96	11807.77	958.87	332.6	82.4	3.3
397.65	964.15	753.4	1016.49	10.13	11.17	2.79	95.71	11807.67	906.46	309.13	83.04	4
397.06	956.21	764.35	1026.75	9.77	11.93	2.37	96.53	11814.9	853.27	291.9	79.2	4.8
397.53	951.5	776.8	1040.11	10.2	11.1	3	93.97	11814.5	889.73	304.33	77.6	3.2
399.98	947.62	774.66	1035.09	12.77	13.23	3.73	91.13	11818.87	1077.77	389.03	96.9	3.17
400.6	917.15	777.78	1011.3	13.3	13.4	4.83	86.57	11824.2	1112.6	411.33	96.4	1.97
401.53	915.18	780.22	1032.07	9.73	9.73	6.23	79.9	11830.27	907.93	311.77	67.73	1.63
402.37	911.93	779.57	1003.03	6.28	6.59	7	74.76	11835.17	688.21	211	42.41	1.41
403.01	927.59	778.39	1028.9	5.4	5.67	6.53	75.27	11836.83	640.3	184.27	37.97	1.07
406.17	973.54	795.84	1027.53	8.07	8.4	5.2	84.37	11822.8	832.4	272.33	57.9	2
412.83	970.59	804.78	1025.1	9.87	10	3.07	91.6	11805.27	971.37	337.03	69.67	2.13
423.37	989.7	824.14	1034.81	19.45	20.52	2	95.07	11813.24	1670.59	651.52	143	5.59
426.71	992.95	821.58	1028.96	21.5	21.77	1	96.17	11805.6	1849.73	721.47	152.57	5.3
421.57	979.94	801.77	1040.63	18.2	18.67	0.43	95.1	11802.17	1653.4	617.93	130.77	4.73
432.58	988.2	818.36	1041.34	23.43	23.77	0	95.63	11801.43	2101.63	805.67	166.3	5.6
425.98	1006.35	805.05	1052.4	22.1	22.57	0	96.8	11795.63	1981	755.2	159.33	6.03
437.64	1002.59	822.63	1062.89	35.83	36.5	0	97.2	11800.47	3022.07	1236	259.83	10.5
434.19	975.22	831.02	1009.78	35.97	36.2	0	96.2	11800.8	3069.1	1244.5	259.63	8.1
427.56	977.73	825.19	1011.29	30.1	30.45	0	97.07	11798.9	2633.52	1041.83	217.86	7.41
418.55	988.42	811.05	1023.78	27.2	27.53	0	95.93	11800.73	2623.93	1038.47	197.47	6.4
411.01	976.18	805.76	993.76	15.84	16.24	0	96.36	11809.12	1562.68	558.28	114.68	3.92
412.18	962.72	802.06	978.61	11.96	13.36	0	96.96	11809.08	1284.56	430.6	88.44	3.48
405.24	948.99	818.12	962.11	12.67	14.21	0	97.08	11805.08	1327.42	447.08	98.29	4.04
411.73	945.3	825.74	947.13	14.11	14.64	-0.86	96.75	11800.68	1417.75	486.25	105.79	3.82
426.76	961.47	858.86	971.8	17.33	18.2	-0.57	97.47	11802.47	1672.93	601.2	131.27	4.7
421.3	987.15	848.59	1030.78	18.9	19.93	1.07	94.2	11806.37	1667.47	625.67	138.73	5.2
421.56	984.52	846.11	1024.82	17.47	19.53	5	79.13	11822.6	1461.6	542.83	117.63	4.27
416.79	928.99	840.14	981.44	16.17	16.77	6.33	72.47	11826.77	1407.97	522.1	106.33	3.6
416.52	928.96	826.8	1009.75	16.07	16.21	8.1	66.69	11833.45	1360.1	515.24	106.59	3.21
412.91	929.91	820.13	998.97	15.9	16.63	9	61.77	11841.7	1288.77	491.17	104.37	3.23
407.43	921.29	795.75	1019.7	14.27	14.87	7.93	61.8	11838.93	1177.17	439.53	93.07	3.23
407.91	951.53	797.22	1036.55	12.9	13.17	7.23	64.5	11840.3	1122.13	405.07	86.17	2.77
413.74	992.03	806.55	1035.65	15.53	15.97	5.27	74.33	11822.27	1331.6	499.5	104.9	2.97
425.06	993.54	842.6	1030.98	30.33	31.3	3.03	82.3	11817.5	2275.1	958.47	217.37	6.33
439.83	1006.86	861.58	1054.71	28.59	29.31	1.69	88.83	11813.28	2325.55	954.86	205.97	7.21
429.94	1007.07	857.24	1047.81	24.77	25.3	1	91.47	11807.6	2095.17	832.1	175.1	6.1
462.06	1002.04	959.27	1035.88	45.2	45.77	0.93	92.63	11803.6	3621.83	1511.37	323.53	11.63
473.07	995.72	984.97	1042.71	51.77	52.77	0	94.07	11800.47	4075.03	1714.8	377.37	14.2
465.22	1004.58	932.73	1048.87	47.69	47.93	0	95.48	11801.76	3856.48	1599.34	343.76	11.03
440.39	1002.87	862.07	1030.27	33.7	34.53	0	95.5	11801.73	2816.87	1153.27	248.43	9.3
448.83	980.94	887.4	999.82	43.4	44.5	0	95.17	11796.47	3544.17	1468.57	317.1	12.2
443.36	970.26	877.32	998.21	38.04	38.89	0	96.26	11797.11	3172.26	1297.93	281.33	9.59
448.03	958.49	895.56	963.79	39.25	41.5	0	96	11796.5	3279	1334.75	294.25	10.31
452.62	958.13	923.2	968.98	39.55	41.59	-0.03	95.97	11811.45	3377.48	1366.79	295.48	10.66
477.81	939.29	996.31	950.73	35.08	35.33	-0.83	95.25	11802.17	3059.75	1211.42	255.42	8
451.17	977.9	901.97	996.41	36.57	37.53	0	95.7	11800.27	3077.3	1251.13	266.03	9.87
452.3	972.84	911.02	994.74	33.57	34.6	0	95.8	11804.2	2866.47	1148.1	244.77	9.53
459.44	963.59	912.49	997.12	29.27	30.57	0	95.37	11793.6	2570.67	1021.2	212.5	8.87
442.55	989.61	878.97	1034.21	23.63	24.37	1.67	90.83	11805.57	2064.07	799.63	170.1	6.8
426.02	960.49	884.23	998.91	18.38	19.07	6.03	75.07	11826.14	1593.52	607.38	122.9	4.45
416.06	911.06	843.44	984.93	16.57	17.53	8.47	64.43	11834.87	1372.17	523.53	107.37	4.3
403.92	910.64	804.76	989.05	11.37	11.77	7	66.53	11834.63	1038.13	368.87	75.73	2.23
405.86	939.53	821.82	1005.58	13.6	14.27	7.17	68.53	11838.13	1191.83	435.53	89.83	2.87
407.02	949.01	819.42	1005.95	13.63	14.43	7.7	67.23	11842.5	1195.5	445.3	90.5	3.67
408.45	961.22	809.81	1018.23	13.97	14.67	7.37	68.37	11833.33	1209.33	449.1	92.33	3.13
417.22	987.22	854.71	1031.49	15.7	16.37	7	70.97	11834.67	1319.03	504	102.73	3.43
419.91	1002.07	839.52	1028.26	15.63	16.53	7	73	11828.4	1335.37	504.9	101.87	3.33
419.29	1003	841.62	1037.95	15.33	16.13	7	74.63	11836.73	1339.87	499.17	102.2	3.37
429.64	1007.88	861.15	1049.68	20.53	21.27	7	75.63	11836.47	1709.97	661.93	134	4.3
440.93	1008.04	893.65	1047.96	26.13	27.57	7	77.1	11829.47	2057.03	829.97	173.4	7.13
431.51	1000.73	876.86	1026.07	25.2	26.37	7	77.57	11831.43	1971.17	791.4	167.93	5.9
407.43	959.98	838.11	996.07	14.5	14.97	7	75.77	11826.2	1267.7	468.33	95.33	3.33
402.33	948.44	833.51	972.93	14.27	15.33	7	75.37	11821.13	1216.07	444.87	96.2	2.93
401.45	942.7	827.23	967.43	12.13	13.7	3.47	70.2	11818.43	1096.63	387.77	82.23	3.03
400.62	941.59	827.96	964.79	12.07	14.13	7	75.87	11818.4	1096.4	393.97	87.7	3.53
398.73	923.23	816.53	980.13	6.67	7.33	7	75.67	11825.33	808.33	253.67	55.33	1
394.07	932.72	812.52	1013.43	5.25	6.29	5.68	77.5	11817.32	621.39	172.57	36.96	1.71
393.89	925.32	777.67	1071.21	5.86	6.64	7.5	84.29	11821.64	702.07	211.21	42.21	1.5
391.42	920.73	763.54	1111.37	1.97	2.97	8	88.7	11826.6	396.23	72.93	16.77	1.13
395.62	955.24	770.41	1093.53	2.33	2.7	8	87	11831.73	396.1	80.7	17.73	0.8
393.28	947.92	749.19	1174.87	1.67	1.83	8.77	89.77	11834.4	345.57	57.23	13	0.7
392.59	922.52	747.33	1166.14	1.6	1.9	9	89.93	11836.57	325.87	53.67	12.23	0.7
392.63	871.84	740.26	1132.78	1.2	1.4	9.8	78.3	11824.2	303.5	45.53	10.87	0.63
393.9	871.24	746.67	1107.98	1.43	1.87	10.9	71.53	11848.47	289.67	50.5	12.1	0.87
394.34	872.26	764.08	1115.39	1.1	1.5	11.63	71.1	11851.37	269.47	44.23	10	0.63
393.55	862.54	761.37	1102.63	0.97	1.17	12	66.07	11858.3	272.5	40.83	9.37	0.67
393.4	856.21	763.75	1095.38	1.1	1.6	12	65.77	11854.03	275.6	44.83	10.47	0.9
394.89	896.19	779.52	1100.55	1.67	1.87	12	67.17	11860.2	311.9	62.33	13.13	0.63
397.76	917.56	786.09	1087.53	2.1	2.33	11.37	68.1	11842.07	362.6	75.53	16.83	0.83
401.42	967.05	787.06	1105.18	3.33	3.7	10.33	72.33	11851.23	433.13	109.83	22.63	1.23
399.97	955.64	780.52	1121.81	3.37	3.7	10	74.47	11851.7	437.47	111.33	24.17	0.77
398.4	927.11	780.8	1090.19	3.9	4.34	10	71.07	11848.79	460.52	123.9	28	1.17
394.76	907.7	772.42	1123.72	3.03	3.87	10	72.43	11846.27	414.8	100.63	22.8	1.5
393.75	891.21	753.87	1121.88	2.8	3.93	10	73.03	11840.57	388.83	95.07	23.03	2.03
393.38	870.85	760.58	1099.14	2.57	3.57	10.37	68.07	11853.17	383.67	83.43	19.1	1.63
393.03	864.06	751.81	1119.31	2.77	3.57	10.47	67.9	11845.53	394.4	93.43	20.53	1.57
393.45	892.42	758.31	1140.75	3.17	3.9	10	74.57	11834.6	445.33	109.47	23.53	1.6
392.48	936.3	756.41	1181.68	2.41	4.03	8.79	87.14	11830.34	406.41	88.55	19.66	1.79
392.69	944.99	753.71	1192.4	1.84	3.47	8	92.84	11819.58	387.37	74.53	18.74	1.84
393.9	939.6	765.74	1151.23	5.61	7.04	8	96.57	11822.7	645.96	187.09	40.43	1.96
393.34	926.5	752.54	1148.1	2.4	3.15	8	96.35	11815.35	428.9	89	17.95	1
393.45	916.43	740.06	1158.98	1.6	2.53	8	94.27	11830.43	375.3	64.43	14.43	1.17
394.16	919.94	745.58	1147.65	1.62	2.28	8	93.28	11826.86	362.83	64.9	13.31	1.03
398.98	944.45	757.44	1143.66	2.23	2.6	8	92.47	11835.13	399.73	84.3	18.07	1.03
397.72	933.02	741.4	1185.17	2.07	2.4	8.8	90.7	11836.93	385.7	71.83	15.43	1.03
400.17	939	773.31	1154.01	4.13	4.6	9	88.57	11836.97	521.87	144.53	29.57	1.47
397.53	910.78	760.78	1154.83	2.8	3.2	9.93	84.47	11843.43	404.77	96.4	21.27	0.9
400.7	896.1	774.96	1132.07	4.23	4.47	10.67	81.03	11843.47	518.5	144.67	26.3	0.8
405.46	936.26	797.86	1126.72	3	3.4	11.33	79.13	11847.87	417.33	109.73	22.07	1.13
403.25	942.6	799.79	1103.94	3.93	4.3	11.37	80.47	11848.1	464.07	126.93	28.57	1.23
402.85	941.36	800.93	1094.69	3.53	3.83	11.97	79.43	11854.43	433.53	115.77	24.1	1.03
402.63	947.04	811.66	1068.92	4.77	5.2	11.03	81.37	11847.43	534.93	155.87	31.97	1.47
403.98	960.02	811.26	1086.37	3.7	4.17	11	81.27	11841.6	467.03	126.53	25.6	1.23
408.2	994.38	813.33	1104.79	4.47	5.27	10.33	82.7	11841.13	530.57	151.2	31.57	1.57
411.54	1007.32	827.58	1075.64	8.76	9.21	10	85.79	11835.21	820.59	285.97	56.14	1.59
411.34	997.3	844.92	1057.59	8.76	9.07	8.97	88.62	11836.97	845.86	288.03	56.24	1.69
414.86	1002.1	855.66	1055.85	10.67	12.33	8	91.57	11836.3	1002.8	360.57	79.7	2.73
415.44	1017.04	822.22	1083.53	11.23	12.1	8	91.5	11832.17	1008.93	358.97	73.97	2.7
400.64	954.75	796.21	1066.26	6.47	6.87	8	90.5	11831.93	685.47	208.67	41.9	1.33
408.2	1028.13	804.82	1088.03	7.17	7.8	7.93	92.33	11825.27	761.83	238	47.43	1.87
408.34	997.79	825.92	1034.52	10.27	10.83	6.8	94.2	11829.73	975.77	330.93	68.67	2.67
413.15	994.23	852.27	1026.23	11.63	12.48	6	96.41	11816.85	1091.74	379.63	80.89	2.48
402.91	998.66	811.42	1039.73	9.71	11.29	6	96.59	11821.41	1047.59	349.65	65.06	3.53
406.28	960.13	854.71	967.16	16.89	22.78	4.94	97.56	11808.39	1380.83	526.83	125.5	9
429.53	983.58	918.62	1004.02	12.53	13.77	5	96.97	11811.1	1168.97	411.77	89	3
422.21	1005.01	878.32	1038.55	12.3	12.7	5.2	96.87	11815.77	1156.03	409.63	83.5	2.63
411.37	964.31	845.4	1083.4	7.1	7.43	7.1	87.43	11824.67	749.7	232.1	47.8	1.77
396.08	843.71	796.26	1010.57	3	3.24	9.45	66.97	11836.59	415.03	99.41	21.24	0.72
415.84	944.51	875.49	1001.6	16.83	18.3	8.57	79.67	11836.3	1327.47	508.2	115.9	4.2
413.51	951.39	875.61	996.65	16.3	17.4	8.3	84.8	11832.2	1300.33	500.87	108.37	4.4
413.84	946.61	882.07	972.97	15.67	15.87	9	81.67	11833.43	1211.17	468.63	104.77	2.63
408.2	931.87	856.91	994.71	14.67	15.33	8.07	82.8	11831.27	1185.4	447.2	99.57	3.23
394.64	847.7	772	1026.04	3	3.36	8.82	64.82	11840.29	434.32	100.21	21.04	0.89
393	854.17	772.81	1031.19	2.93	3.33	8.9	63.33	11837.2	420.8	94.33	21.3	0.77
392.69	869.09	764.01	1052.82	2.37	2.57	9	62.03	11835.33	402.5	87.17	18.13	0.9
393.37	876.52	766.47	1048.66	2.93	3.3	9	59.47	11834.37	453.17	104.63	22.27	0.9
397.5	899.39	795.37	1060.05	5.47	6.33	9	59.67	11833.43	609.5	181.73	37	1.77
406.47	987.88	825.59	1124.31	7.9	8.43	8.77	74.6	11835.17	841.77	272.43	51.67	1.8
405.91	978.88	823.32	1111.87	10.23	10.83	8.5	80.27	11828.9	958.4	333.2	68.4	2.5
393.01	893.62	744.28	1211.28	1.07	1.4	9.77	73.7	11837.93	284.93	41.3	9.1	0.63
391.23	885.7	729.49	1226.95	0.7	0.73	8.43	79.83	11829.57	276.6	28.03	5.4	0.33
391.33	898.15	720.98	1229.03	1	1.17	7.73	82.3	11830.4	318.47	37.5	8.23	0.5
391.3	898.02	720.21	1227.63	1.48	2.31	7	84	11818.59	361.38	53.83	13.52	1.28
391.05	920.3	712.11	1215.36	1.54	3.89	6.46	90.68	11814.18	378.11	60.21	15	2.89
391.44	918.83	732.24	1191.19	0.89	2.33	5.89	93.67	11820.72	349.28	44.78	11.11	1.61
391.06	908.69	731.09	1170.2	1.56	4.19	5.88	92.5	11603.19	374.94	56.38	16.75	2.69
390.85	885.64	717.2	1165.71	0.67	1.87	5.03	87.9	11816.3	336.5	34.57	8.53	1.4
390.78	886.55	721.79	1155	0.59	0.67	5	87.52	11817.59	332.7	26.59	6.78	0.67
393.14	888.86	723.04	1158.18	0.33	0.43	5	86.67	11815.33	295.9	18.37	4.97	0.83
392.12	911.8	713.69	1198.95	0.67	0.7	4.6	93.2	11814.53	304.4	24.07	5.63	0.3
393.71	931.43	733.66	1180.65	1.37	1.4	4.7	95.47	11810.9	364.07	48.9	10.37	0.47
398.5	946.51	745.1	1200.91	2.34	2.48	5	95.07	11825	430.69	81.72	16.28	0.72
398.07	950.45	746.74	1175.76	3.27	3.63	5.57	97.1	11821.73	505.33	116.43	23.33	0.87
394.27	915.79	741.3	1172.59	2.39	2.75	6	96	11822	428.11	82.5	18.89	1.11
395.16	923.65	743.39	1176.59	4.03	4.23	6	96.23	11823.83	546.73	137.57	30.63	1.07
395.04	912.49	734.75	1173.58	2.9	3.5	5.9	94.47	11819.8	469.4	97	20.5	1.2
393.53	902.16	722.44	1175.01	1.73	1.87	5	94.2	11819.8	396.4	64.57	13.73	0.53
394.16	918.05	744.14	1185.69	2.37	2.63	5	96.23	11812.1	438.4	86.6	17.8	0.87
393.35	902.61	718	1153.31	1.9	2.1	4.23	95.33	11804.67	410.6	70.5	16.7	0.67
393.48	908.51	713.55	1185.16	2.4	2.53	4	95.3	11816.87	445.73	84.73	17.5	0.9
393.35	900.57	725.49	1162.25	2.77	3.03	4	96	11812.53	484.8	102.83	21.6	0.97
392.71	906.87	719.27	1175.12	2.57	3.13	4	96	11812.53	464.17	92.93	20	1.13
392.45	899.05	740.28	1162.22	3.03	3.43	4	95.67	11811.77	514.3	110.63	22.83	1.33
392.2	894.04	723.96	1130.58	1.96	2.31	3.5	94.69	11801.35	444.92	74.96	17.19	1.27
391.81	903.69	721.44	1126.22	3.42	4.58	3.89	95.47	11798.47	534.74	117.63	26.53	2.47
400.55	908.15	761.05	1073.33	6.74	7.79	3	97	11810	762.79	224.84	50.53	2.42
392.94	903.11	750.34	1092.54	5.9	7.13	3	95.17	11810.17	715.9	200.67	46.83	2.6
393.8	912.23	750.46	1082.91	5.7	6.57	3	95.57	11802.17	702.83	197.7	44.93	2.13
400.44	942.97	764.61	1072.11	6.77	7.1	2.7	96	11807.47	755.9	229.47	49.63	1.97
447.28	1006.09	913.31	1073.16	7.1	7.77	2	97.9	11807.53	819.07	250.97	53.7	2.7
409.43	977.98	809.74	1130.88	4.6	5.23	4.47	93.83	11814.8	601.7	158.07	33.87	1.53
402.99	941.96	782.37	1113.46	4.77	5.03	6.93	84.47	11828.33	593.67	162.17	34.63	1.13
398.36	906.14	773.13	1092.15	3	3.37	8.13	78.7	11839	458.63	101.6	21.8	1.23
398.16	895.37	758.48	1114.98	2.8	3.37	8.5	76	11836.37	427.07	98.3	20	1.33
396.48	896.38	762.19	1108.76	2.37	2.63	9.27	71.97	11843.03	398.97	84.77	18.5	0.87
397.67	911.32	762.4	1123.97	2.27	2.93	8.77	73.83	11835.4	389.27	81.27	17.33	1.3
397.94	927.02	768	1109.4	2.33	3.13	7.87	76.3	11833.4	409.17	81.5	18.97	1.53
411.39	1046.47	790.65	1145.14	6.3	6.93	6.87	82.33	11828.17	727.93	211.77	43.77	1.77
410.91	1067.21	787.2	1135.92	8.17	9.2	6	86.5	11824.13	861.87	277.93	57.87	2.27
398.57	969.23	759.41	1127.32	3.5	4.33	6	84.6	11822.97	508.37	120.4	26.23	1.7
393.83	905.94	748.18	1111.03	2.47	3.17	6	80.73	11824.53	434.27	81.07	18.9	1.57
393.08	897.96	755.55	1102.08	1.97	2.5	6	78	11822.43	402.57	69.4	15.2	1.13
392.15	885.66	742.42	1108.84	1.8	2.27	6	74.97	11820.6	373.17	59.5	14.33	1.2
391.51	872.32	734.14	1108.88	1.3	1.53	6	71.77	11817.8	351.63	48.73	11.07	1
391.03	870.66	747	1106.65	1.17	1.47	6	69.37	11820.93	339.57	43.5	10.93	1.07
390.54	862.98	742.01	1102.84	0.86	1.24	5.07	63	11822.79	336.97	38.38	9.03	0.76
390.38	855.28	728.54	1104.57	0.77	1.07	5.23	60.17	11821.17	335.13	37.83	9.03	0.7
389.69	883.71	731.45	1128.4	0.67	1.63	6.29	69.92	11818.25	342.25	34.38	8.54	1.25
390.12	911.16	734.05	1159.21	0.86	1.45	5.03	80.9	11807.17	348.31	35.31	8.93	0.9
390.54	928.61	724.76	1180.01	0.7	1.87	4.73	86.93	11809.13	350.3	33.97	9.47	1.37
391.23	928.26	719.03	1186.74	0.57	1.17	4	90.57	11805.73	342.07	27.73	6.47	0.73
391.77	928.72	713.93	1214.22	0.83	0.9	4	91.4	11813.77	313.47	23.53	5.4	0.47
392.18	920.11	720.02	1203.17	0.41	0.41	4	88.62	11816.76	305.62	15.24	3.28	0.14
391.91	911.68	714.84	1189.2	0.23	0.23	4.7	85.57	11816.27	281.27	15.17	3.07	0.17
392.03	900.12	718.96	1168.53	0.6	0.67	5	82.97	11814.6	292.1	20.37	4.9	0.37
392.33	902.27	736.7	1173.26	0.73	0.87	5.07	81.77	11820.6	295.57	21.73	5.43	0.5
392.47	894.91	738.88	1153.54	0.73	0.83	6	79.23	11818.17	309.7	21.9	5.17	0.57
393	893.64	735.41	1149.24	0.8	0.87	6.57	74.4	11826.47	293.4	23.8	5.6	0.3
392.71	875.89	749.99	1136.24	0.93	1	6.79	72.29	11827.54	299.75	31	7.14	0.54
393.25	890.42	729.09	1134.37	0.97	1	6	73.23	11815.6	315.93	33.23	6.37	0.37
393.01	895.09	738.97	1147.21	1.07	1.1	6	73.76	11824.72	334.41	40.79	9.55	0.48
392.88	893.64	733.22	1141.29	1.37	1.4	6	72.6	11820.27	358.73	53.1	10.8	0.37
393.27	891.19	744.56	1138.95	1.2	1.23	6.7	70.23	11820.27	340.33	47	8.93	0.4
392.28	883.93	749.26	1116.49	1.13	1.17	6.63	70.1	11825.53	348	46	9.37	0.3
392.19	885.58	750.5	1125.06	1.5	1.63	6	71.07	11821.63	374.2	60.57	12.13	0.43
391.96	886.77	738.12	1127.26	1.87	2.03	6	71.57	11825.27	385.2	65.5	13.97	0.6
391.75	885.68	738.64	1127.4	1.93	1.97	6	72	11827	398.53	71.2	15.27	0.27
391.11	893.48	742.91	1126.77	2	2.13	5.93	73.2	11820.6	413	76.1	15.97	0.5
390.93	888.76	737.43	1113.87	1.83	2.07	6	73.66	11818.9	413.86	69.38	13.66	0.48
391.17	888.18	743.51	1097.39	1.86	2.03	3.79	71.86	11813.55	426.59	71.07	13.24	0.34
390.97	881.13	751.78	1106.47	1.83	1.92	5	75.17	11792.33	436.5	73.08	14.83	0.5
391.48	896.53	733.99	1099.63	1.8	2	6	74	11813.1	422.4	65.8	13.3	0.5
391.37	886.24	755.17	1088.21	2.37	2.68	5.37	77.32	11817.53	454.58	84.42	18.68	0.74
392.19	899.57	749.16	1094	3.09	4.17	5	77.04	11806.87	517.96	112.48	24.57	1.52
392.8	911.57	752.47	1091.09	4.07	4.47	5	74.33	11814.27	541.2	135.07	30.7	1
393.51	916.08	760.42	1095.65	4.9	5	5	77.13	11815.13	594.97	156.3	35.73	1
394.11	921.7	761.33	1107.59	4.9	5	5.17	76.8	11815.97	579.1	154.47	36.37	0.8
396.25	949.05	769.02	1111.58	4.63	4.83	6	78.5	11821.3	575.73	150.53	33.8	1.27
396.2	954.94	772.81	1134.03	4.87	5.27	6	83.53	11812.77	577.37	160.17	36.93	1.53
395.93	944.11	762.87	1122.66	6.63	7.3	6	87.27	11819	666.3	200.07	49.87	1.63
397.03	963.29	780.16	1124.09	7.1	7.67	4.67	83.97	11825.57	696.8	218.33	54.17	2.17
398.95	954.85	781.27	1112.7	5.6	6.03	7.37	83.13	11831.23	596.53	169.5	42.2	1.37
399.04	935.72	777.86	1097.71	5.3	5.63	8	79.63	11825.43	574.3	164.53	38.7	1.37
401.27	970.71	783.95	1097.98	6.41	6.86	7.24	84.34	11827.48	660.52	202.79	45.69	1.62
406.73	1046.61	795.48	1162.68	9.9	10.5	6.23	93.9	11819.1	876.57	301.63	71.77	2.73
408.23	1044.07	806.48	1146.77	10.57	10.97	7	95.97	11827.1	948.93	321.13	74.03	2.7
409.51	1033.09	829.93	1124.33	9.97	11	7.37	96	11827.43	904.63	315.4	71.03	3.03
406.18	1008.91	813.26	1171.85	7.47	7.67	8.73	96.27	11828.53	737.8	242.07	51.13	1.27
398.94	945.65	788.41	1163.67	3.17	3.3	10	94.23	11841.67	419.63	104.57	22.73	0.8
397.15	931.11	777.89	1168.25	1.77	1.9	10	94.23	11844.03	339.13	64.57	15.33	0.63
399.57	935.77	791.15	1122.42	4.9	5.4	8.83	93.63	11839.7	551.9	157.03	34.87	1.5
393.15	906.48	766.12	1201.26	0.9	1.53	10.57	90.43	11847.43	281.97	31.97	7.87	1.17
392.75	895.81	763.81	1162.54	0.87	1.5	11	89.9	11837.9	274.83	34.5	9.93	1.1
392.5	892.13	769.19	1138.16	0.67	1.33	11	89.59	11834.11	257.81	29.11	7.89	0.93
392.78	893.33	756.97	1132.03	0.47	1	10	89.89	11841.26	264.42	25.79	6.74	0.89
391.88	905.03	767.88	1125.79	0.44	0.75	10	95.81	11837.19	267.19	27.19	7.19	0.88
392.4	888.92	798.01	1013.41	0.55	0.64	8.45	96.18	11832.91	303.55	29.64	6.36	0.64
398.52	969.79	805.88	1055.93	3.21	4.33	8.67	94.96	11828.04	448.33	103.75	25.33	1.42
401.46	992.86	793.27	1044.43	4.83	5.73	7.6	94.9	11821.9	569.77	157	36.13	1.63
406.02	1022.79	819.82	1076.99	6.07	6.9	7	96.83	11830.2	625.07	183.8	45.73	1.8
410.61	1012.46	838.6	1077.75	5.73	6.2	7.23	96.63	11835.03	617.77	185.57	41.63	1.7
416.2	1012.41	859.22	1095.35	6	6.63	8.93	94.2	11839.37	614.2	193.17	43.6	1.77
405.2	961.24	843.33	1020.86	4.57	4.97	10	86.8	11847.47	503.6	143.53	31.4	1.27
403.93	944.94	852.75	1017.8	4.07	4.47	11.07	83.67	11851.83	479.9	135.17	28.83	0.97
405.42	943.06	846.45	1031.88	3.13	3.5	11.97	80.2	11855.03	412.17	109.57	22.77	1.1
399.34	899.68	824.42	1038.41	1.83	2.13	12.2	71.97	11855.43	312.87	63.8	14.7	0.87
399.21	897.25	829.19	1035.38	1.77	2.03	12.23	72.3	11854.9	313.97	62.17	13.9	0.83
396.13	885.28	802.39	1058.46	1.17	1.41	12	71.24	11853.14	286.03	47.9	9.66	0.66
397.86	916.6	802.43	1069.95	1.5	1.73	11.07	73.53	11846.47	315.27	57.8	11.53	0.57
400.65	959.92	800.97	1068.59	2.03	2.1	9.37	78.37	11843.23	359.8	73.37	14.27	0.7
399.64	956.42	796.23	1102.53	3.3	3.57	9	78.87	11837.13	452.7	113.93	24.13	0.9
396.02	915.45	799.65	1058.56	2.1	2.47	9	77.3	11840.3	377.97	78.87	14.7	0.67
395.93	916.94	802.67	1055.84	2.13	2.27	9	78.47	11838.7	384.77	78	15.1	0.57
396.75	928.49	803.8	1049.38	2.28	2.55	8.24	79.38	11839.9	396.83	82.07	17.1	0.62
393.55	908.1	781.64	1049.96	1.93	2	8	78.47	11835.67	353.63	63.63	13.37	0.5
392.31	894.85	791.66	1054.2	1.83	2.03	6.67	73.73	11836.1	351.37	63.33	13.63	0.97
392.24	885.71	796.93	1043.83	2.6	2.97	7.17	71.67	11831.63	399.27	86.67	21.37	1.23
391.3	886.16	785.06	1034.07	5.35	6.04	9	73	11830.7	603.96	171.7	36.57	1.35
391.03	874.96	770.67	1025.07	5	5.43	8.8	67.03	11827.37	592.4	160.63	33.73	0.63
390.4	873.6	735.3	1042.7	4	6	8	72	11837	563	155	24	0
391.21	882.04	783.87	1023.33	4.62	5.41	5.86	70.28	11825.55	558.52	146.79	34.17	1.17
391.26	887.14	784.85	1022.74	3.59	4.14	7	69.07	11821.83	519.59	120.14	28.79	0.93
391.91	894	769.77	1027.67	3.23	3.47	6.17	74.93	11816.17	496.13	109	27.33	1.17
392.6	898.86	767.76	1048.46	2.97	3.07	6	74.4	11825.1	439.87	92.2	21.57	0.6
393.03	905.72	772.25	1060.52	2.6	2.73	6.1	73.7	11823.43	430.9	83.2	20.13	0.9
392.83	894.25	781.35	1055.22	2.73	2.93	7	71.8	11824.23	423.97	84.23	20.43	0.93
393.14	890.07	784.2	1054.94	2.38	2.52	7	69.83	11825.41	410.72	77.07	18.72	0.62
392.88	886.79	773.75	1058.02	2.2	2.37	7.47	68.9	11828.83	392.3	75.07	17.03	0.6
393.64	891.44	773.8	1056.82	2.53	2.6	8	68.63	11827.93	405.27	82.5	18.83	0.93
393.07	886.93	775.92	1055.55	2.27	2.4	8	67.63	11831.77	394.67	74.9	16.63	0.57
393.12	892.85	769.33	1052.23	3.2	3.33	7.7	68.93	11828.83	448.4	102.73	22.2	0.93
393.53	897.55	767.78	1055.98	3.31	3.38	7	69	11827.34	466.07	106.76	23.21	0.59
393.68	900.48	777.65	1059.66	3.27	3.4	7	69.53	11827.1	472.23	107.97	24.5	0.6
393.99	905.66	772.29	1062.38	3.3	3.63	7	70.97	11821.9	482.7	113.83	25.23	1.1
393.53	903.52	769.88	1072.19	3.87	4.23	7	71.03	11831.13	497	122.13	28.8	1
393.01	898.92	773.2	1067.37	4.07	4.4	7	72.03	11823.43	520.43	134.77	31.07	1.3
392.76	897.51	766.25	1067.82	4.1	4.4	6.67	73	11824.13	535.53	133.67	31.5	1.53
392.32	892.04	771.42	1063.62	3.77	4.07	6.4	73	11823.27	517.2	115.83	27.77	1.07
392.07	889.78	767.88	1058.75	3.17	3.37	6.1	73.1	11825.07	483.43	103.67	23.97	0.83
391.83	893.38	764.74	1062.13	3.2	3.57	6	74	11816.37	475.8	107.27	25.33	1.13
391.51	890.41	774.47	1040.31	3.27	3.83	6	74.53	11815.67	488	111.13	25.97	1.37
391.31	890.02	772.46	1043.13	3.41	4.17	6	74.17	11818.86	504.93	118.45	27.62	1.55
391.19	887.05	772.68	1031.63	3.14	3.86	6	73.33	11816.43	486.95	103.86	25.05	1.24
391.44	885.55	765.69	1028.61	2.9	3.2	0.8	66	11810.2	486.6	102.3	23.4	0.6
391.02	886.09	775.06	1033.96	3	4.24	2.94	69.35	11813.59	503.88	107.47	25.82	1.35
390.89	893.7	766.6	1033.71	4.06	4.53	2.94	65.47	11816	536	126.41	30.71	0.82
391.4	893.9	795.85	1019	4	5	6	75	11802.5	523.5	113	29	1
391.89	895.39	773.81	1030.54	4.18	4.75	6	74.86	11817.71	536.64	133.36	32.89	1.25
392.59	897.59	777.59	1042.71	4.23	4.73	6.07	73.67	11817.13	548.63	138.13	34.27	1.13
393.52	889.28	793.18	1044.48	4.3	4.67	8.03	67.83	11833.53	517.27	137.07	32.17	1.2
393.65	865.78	797.25	1006.34	3.53	3.87	10	60.97	11841.73	465.37	115.07	25.1	0.9
393.61	850.98	804.81	990.55	3.43	3.67	11	58.07	11842.93	450.23	109.13	23.83	0.97
394.01	845.34	796.98	994.41	3.59	3.59	11.66	56.28	11851.07	440.24	114.69	24.97	0.86
393.84	849.32	800.66	990.51	3.7	3.9	11.4	56.37	11849.1	477.33	122.07	25.07	1.03
394.24	866.8	802.08	1026.2	3.7	4.33	10.2	59.5	11842.8	471.13	127	26.9	1.37
393.52	882.29	800.13	1020.69	3.37	3.77	9.03	62.27	11841.5	450.27	113.6	24.8	1.2
394.05	901.27	788.17	1066.64	3.43	3.6	7.47	67.2	11824.83	472.9	115.07	24.33	1.17
393.69	920.44	782.77	1072.21	4.8	5	6.57	70.43	11824.77	564.4	154.07	33.67	1.03
394.58	916.47	780.12	1083.79	6.1	6.52	6	71.45	11824.21	683.79	202.72	44.28	1.72
395.04	904.96	766.97	1082.7	6.17	6.4	6	70.87	11822.47	662.8	197.23	45.63	1.63
396.23	901.17	777.54	1085.01	6.23	6.83	6	70.3	11827	698.77	212.73	45.77	1.9
394.83	900.09	765.8	1094.69	5.43	5.73	6	70.77	11819.87	615.37	168.13	38	1.23
394.09	891.95	761.49	1097.56	5.03	5.17	6	70.27	11825.4	605.27	160.8	36.53	1.57
392.47	890.14	761.42	1075.87	3.9	4.13	6	70.2	11825	531	131.73	30.57	1
391.65	892.06	759.11	1073.61	3.87	3.97	6	70.13	11821.73	512.8	123.1	28.77	0.9
391.27	889.53	754.31	1073.06	3.17	3.83	5.76	68.14	11820.34	478.76	108.72	24.86	1.14
391.13	883.53	758.55	1046.47	3.48	4.26	5	72	11810.11	540.7	125.81	28.89	1.41
390.96	885.75	754.74	1048.89	3.73	4.4	5	72	11815.8	544.67	128.8	30.07	1.13
390.79	884.72	759.32	1051.55	3.85	4.46	3.04	65.15	11801.73	555.62	132.08	31.27	1.31
390.88	884.17	761.99	1053.71	3.9	5.07	5	70.62	11812.14	541.07	124.45	31.17	1.52
391.12	885.6	761.44	1042.25	3.87	4.47	5	70.47	11806.43	550.33	123.83	29.23	1.2
391.57	887.51	757.14	1051.15	3.37	4.03	5.07	70.03	11796.97	498.63	113.97	27	1.23
392.07	888.88	766.92	1077.27	2.9	3.38	7.03	63.9	11828	457.38	100.66	22.66	1.24
392.7	862.7	762.17	1045.96	2.69	2.97	8.9	57.52	11833.59	426.17	97.41	20.45	0.66
392.96	849.12	764.66	1030.28	2.1	2.27	9.9	54.1	11847.23	362.07	75.73	16.13	0.53
393.03	850.51	776.75	1046.6	1.86	1.97	10.59	52.14	11845.21	340.52	65.59	12.66	0.24
393.58	839.41	773.84	1045.53	2.1	2.1	11	51.37	11846.9	345.93	71.07	14.43	0.43
392.68	854.48	770.51	1046.81	2.21	2.38	9.86	53.45	11845.41	363.14	74.79	16.31	0.72
392.91	868.28	775.29	1073.43	2.3	2.47	8.37	56.8	11839.7	394.97	82.97	17.67	0.87
394.32	892.61	768.22	1108.63	3.66	3.76	6.79	61.1	11830.59	510.79	123.9	24.07	0.76
395.09	902.43	766.49	1103.81	4.23	4.43	6	63.4	11818.87	579.9	150.4	29.47	1.07
395.32	905.01	768.59	1106.15	3.87	3.9	5.97	65.17	11818.6	559.83	139.5	26.03	0.73
395.35	906.39	759.06	1102.5	3.87	4.13	5.13	64.9	11821.77	568.63	139.83	28.2	1.2
393.84	895.46	759.04	1094.79	3.7	3.8	5	64.2	11816.17	557.8	127.13	24.83	0.67
392.41	895.08	749.41	1098.22	3.3	3.47	5	61.83	11815.2	502.1	113.8	23.27	0.7
392.73	884.78	757.37	1090.97	3.23	3.23	5	63.63	11816.2	483.6	104.1	21.77	0.5
390.58	880.85	743.07	1087.01	2.53	2.8	5	62.17	11817.87	450.33	90.67	19.73	0.67
390.65	879.02	743.03	1075.17	2.08	2.69	5	63.15	11812.38	427.35	75.19	18.08	1.19
390.58	882.11	739.1	1071.68	1.77	2.23	4.73	64	11806.53	414.67	66.1	14.93	0.67
390.37	876.63	742.31	1066.57	1.75	2.33	4.42	63.38	11800.13	424.83	65.79	13.5	1.04
390.33	878.19	740.17	1068.68	2.07	2.67	4	62.87	11799.7	452.83	81.43	17.73	0.8
390.82	884.14	747.44	1069.45	2.25	3.18	4	64.04	11799.79	443.68	80.43	19.14	1.21
391.07	893.69	737.12	1067.16	2.16	2.58	4	64.06	11795.48	446.45	83.26	19.03	0.74
391.8	907.86	751.35	1073.92	4.11	4.41	3.04	64.19	11807.11	535.07	129.15	31.74	1.11
392.93	911.24	748.33	1069.93	4	4.17	3.7	63.53	11806.17	523.4	128.03	32.6	1.5
392.93	899.18	764.13	1062.5	3.48	3.52	5.24	58.41	11819.48	479.38	109.28	26.45	0.97
392.67	873.41	765.52	1042.3	2.97	3.03	6.97	53.13	11830.8	436	91.17	21.7	0.77
392.97	858.98	761.51	1021.07	2.5	2.77	7.87	50.97	11831.53	401.23	83.1	19.87	0.9
392.52	865.08	772.29	1017.43	2.24	2.55	7.79	51.52	11834.66	388.9	75	17.69	0.79
392.21	860.4	766.34	1009.78	1.97	2.13	7.3	51.83	11826.87	365.23	63.9	14.77	0.8
392.12	873.91	772.45	1041.1	2.17	2.31	6.24	54.86	11828.86	389.66	69.31	17.83	0.66
392.23	889.29	759.75	1053.12	2.27	2.43	4.93	58.6	11822.73	407.8	75.77	18.87	0.6
391.76	904.83	750.96	1068.27	3.07	3.17	3.4	63.1	11807.9	461.5	94.17	23.53	0.77
392.09	915.11	755.26	1079.81	3.2	3.27	3	64.9	11808.57	499.37	112	27.43	0.77
391.66	910.06	743.71	1084.03	3.48	3.97	3	65.28	11808.52	499.9	113.45	27.66	0.9
391.48	908.2	745.01	1082.51	3	3.21	3	65.69	11806.97	468.21	96.83	22.79	0.72
391.15	902.27	740.25	1082.86	2.38	2.45	1.28	62.97	11809.17	445.38	84.66	20.21	0.66
391.14	895.12	733.1	1085.04	2.7	2.73	2.73	65.83	11806.93	452.67	89.43	22.07	1.1
390.95	899.08	745.34	1073.79	3	3.13	2.8	67.7	11810.5	460.37	97.77	22.8	0.87
390.7	898.39	744.32	1070.41	4.4	4.8	2.23	68.67	11810.07	549	136.47	35.03	1.03
390.68	892.45	750.99	1048.97	4.8	5.43	2	69.57	11797.1	602.6	155.17	39.63	1.17
390.27	888.77	745.14	1043.15	5.93	6.72	2	69.9	11795.07	657.38	183.76	49.52	2.31
390.51	896.24	747.45	1040.7	4.62	5.41	0.34	64.52	11796.21	591.24	140.03	38.14	1.24
391.23	897.84	735.16	1039.15	3.77	4.33	2	68.97	11795.67	559.7	130.27	34.3	1.67
391.56	905.59	755.22	1053.94	4.17	4.33	2	68.9	11804.23	547.5	137.5	32.9	1
393.01	908.1	750.24	1059.17	4.37	4.53	2.43	68.1	11799.63	560.33	142.1	35.7	1.17
391.86	903.78	742.47	1063.14	4.31	4.31	3	66.17	11810.97	554.31	137.14	33.79	0.72
391.72	896.28	754.61	1063.49	4.62	4.62	3.69	64.38	11797.45	554.17	141.66	34.83	0.86
391.99	897.47	760.32	1058.66	4.48	4.79	4	63.66	11815.1	560.28	142.97	34.14	1.48
392.21	898.06	746.71	1060.09	4.9	5	4	62.87	11816.5	586.8	157.27	38.07	1.2
392.93	897.28	751.09	1056.87	5.43	5.53	4.4	63	11819.6	608.27	173.4	42.03	1
392.59	885.26	762.86	1053.59	5.47	5.53	5	61.67	11817.23	606.83	169.13	39.73	0.83
392.47	890.31	754.23	1039.3	4.17	4.2	4.8	60.97	11815.93	544.4	140.57	31.13	0.9
392.68	904.53	748.14	1048.65	4.45	4.59	3.79	65.07	11813.69	562.97	146.21	34.69	0.83
392.16	909.53	754.11	1056.8	4.3	4.57	3	66.87	11807.4	563.33	142.73	33.43	1.07
392.12	912.59	747.62	1073.07	5.1	5.1	3	68.07	11804.47	613.07	164.83	39.1	1.13
391.89	907.17	747.53	1062	5.47	5.63	3	69	11806.77	636.77	179.03	42.73	1.2
391.03	899.95	737.09	1063.5	5.17	5.33	3	68.37	11806.37	619.47	170.33	41.07	1.47
391.22	895.86	749.46	1063.37	5.2	5.53	3	67.6	11807.8	623.4	168.8	40.77	1.27
390.71	898.24	746.38	1060.93	6.33	6.4	2.1	68.97	11804.97	703.47	196.33	48.57	1.13
390.5	895.57	751.83	1054.62	7.37	7.67	2	70	11805.43	768.13	226.53	59.53	2
389.85	892.5	750.19	1049.14	7.6	8.28	2	70	11801.08	776.96	241.12	61.12	2.24
389.93	895.17	749.68	1034.36	7.35	8.77	2	70.81	11796	763.15	229.42	59.27	2.62
390.17	888.5	754.09	1030.26	7.57	8.73	2	70.2	11792.83	773.93	232	62.47	2.53
389.95	885.71	759.98	1029.87	8.86	9.61	2	70	11797.75	837.21	268.07	72.25	2.5
390.12	896.99	746.36	1034.62	9.17	10.4	2	69.7	11795.33	874.6	278.53	74.03	3.7
390.83	889.11	754.41	1020.9	8.59	9.97	2.48	68.55	11790.66	848.21	266.41	71.24	3.1
391.59	897.19	750.56	1046.28	9	9.47	3	68	11800.53	845.53	272.03	69.83	2.53
392.07	903.18	755.02	1045.14	8.47	8.7	3	68.37	11805.3	818.63	267.27	67.83	2.33
392.89	914.13	746.57	1060.51	9.34	9.66	3	69.41	11810.14	858.34	284.38	71.83	2
392.93	921.56	757.41	1049.75	9.47	9.83	3.37	71.23	11806.67	861.9	287.73	75.67	2.57
393.38	911.01	749.79	1039.82	9.33	9.93	4.9	65.4	12357.73	847.87	283.87	73.17	2.33
394.17	894.78	744.95	1020.35	9.2	9.67	5.57	62.43	13583.77	835.67	277.03	67.77	2.13
393.41	892.61	766.08	1021.38	9.34	9.93	5.76	62.52	13588.34	835.21	279.38	69.41	2.17
393.85	891.7	762.99	1024.47	9.93	10.14	6	62.03	13587	889.07	302.93	72.9	1.86
393.46	893.17	764.29	1028.67	9.76	10.34	5.48	63.07	13599.41	883.03	299.38	71.79	2.41
393.49	903.02	769.31	1035.21	10.59	11.14	5	64.14	13103.83	941.1	320.38	77.79	2.79
393.31	921.08	769.51	1055.63	11	11.55	5	67.93	12663.24	998.45	337.31	79.48	2.62
393.06	932.68	758.6	1061.8	10.97	11.34	4.17	76.76	12553.31	1001.72	338.38	80.9	2.45
392.81	947.04	763.73	1093.36	10.48	10.72	3	86.21	12542.17	958.03	331.62	78.07	2.28
392.49	943.32	765.4	1096.63	9.83	10.03	3	89.1	12544.2	911.33	307.07	74.5	2.27
392.44	941.81	763.99	1092.99	8.07	8.07	3	92.03	12543.34	812.69	262.9	61.72	1.66
392	931.02	763.17	1082.72	7.03	7.33	3	91.23	12535	737.43	225.93	53.3	1.77
391.77	915.41	766.8	1076.74	3.52	3.59	3.59	87.69	12530.86	513.21	118.07	25.45	0.62
391.6	897.64	755.51	1083.39	2.47	2.47	4	84.07	12525.8	441.97	86.37	19.33	0.4
391.17	895.29	762.02	1084.54	2.59	2.59	4	79.97	12527.76	445.93	89.03	19.83	0.38
391.12	888.91	759.06	1052.93	2.69	2.72	4.76	78.21	12516.03	443.21	89.48	19.07	0.31
390.78	886.58	761.66	1051.56	3.38	3.52	5	78	12512.76	496	115.14	25.52	0.55
390.69	891.99	755.8	1055.02	3.93	4	5	77.93	12508.59	545.86	138.69	28.86	0.76
391.04	897.14	758.34	1056.66	4.45	4.45	5	77.34	12499.14	568.86	144.83	30.41	0.41
391.92	906.4	758.22	1077.76	4.17	4.24	5.76	76.03	12492.28	535.79	131.38	28.21	0.66
393.41	923.01	758.1	1065.09	4.45	4.48	5.48	79.17	12487.45	567.48	144.1	32.55	0.66
395.91	955	769.13	1075.12	4.59	4.66	5.38	83.86	12468.14	562.31	146.28	32.66	0.93
401.22	990.94	781.57	1084.13	4.24	4.41	6	83.14	12506.41	537	132.83	31.34	1
398.08	959.23	783.48	1072.8	4.45	4.72	7	77.86	12725.52	556	147.24	32.62	1
398.43	939.95	779.98	1045.88	4.83	5.21	7.83	74.1	13153.03	581.76	150.45	35.07	1.41
398.73	919.24	791.61	1038.06	4.66	5.03	8.41	71.17	13246.62	539.21	150.69	33.21	1.38
399.92	940.76	797.94	1042.04	5.07	5.83	9	70.48	13144.52	557.34	162.07	38.07	1.93
395.72	903.52	749.95	1156.29	1.5	1.73	10.93	68.67	13368.5	297.67	53.53	12.13	0.7
392.55	859.05	737.7	1166.01	0.24	0.66	11.86	66.93	13551.69	218.69	16.31	4.52	0.45
392.28	884.3	730.98	1184.44	0.1	0.21	10.66	72.21	13112.31	233	17.38	3.66	0.21
393.07	913.38	732.54	1206.89	0.8	0.83	9.77	78.27	12896.07	259.7	27.4	5.57	0.57
394.82	912.28	737.07	1212.53	1.21	1.31	9.48	77.72	12768.97	311.1	45.31	9.79	0.41
393.48	925.94	733.94	1207.91	1.34	1.62	8.66	84.34	12713.83	349.76	47.93	9.9	0.83
393.81	923.76	736.33	1211.36	2.03	2.97	8	87.38	12659.17	355.48	69.38	17.21	1.9
392.99	910.5	726.02	1212.87	1.72	3.52	8	85.9	12612.34	351.86	65.66	16.21	2.28
392.83	906.63	732.11	1195.92	2.07	3.33	8	86.57	12570.17	363.27	67.7	17.93	1.9
392.74	908.03	724.62	1202.57	2.1	3.17	8	87.76	12526.48	374.1	71.28	18.72	1.66
391.93	904.84	726.47	1215.41	1.97	3.72	7.31	89.17	12497.93	359.66	63.14	17.79	2.17
392.18	901.44	713.12	1198.19	1.59	2.59	7	88.21	12484.59	340.76	57.86	15.34	1.86
391.71	899.41	722.82	1214.59	1.34	2.34	7	88.41	12463.31	324.83	48.72	14.14	1.72
391.49	906.27	713.32	1235.42	1.9	3.55	7	91.9	12451.41	354.79	61.69	19.03	2.28
391.34	904.1	710.88	1193.47	1.55	2.69	7	92.17	12445.21	337.69	52.76	15.79	2.38
392.86	927.1	752.2	1124.25	2.63	5.1	6.27	94.07	12434.43	399.47	83.63	24.37	3.17
393.99	944.25	755.39	1108.03	4.13	6.3	6	95.9	12418.37	527.27	134.77	32.97	3.2
398.25	961.77	787.27	1085.3	8.66	10.97	5.69	96.17	12406.21	844.41	281.97	66.03	3.97
423.22	1017.38	861.86	1081.14	9.13	11.37	4.47	96.13	12386.2	891.27	298.87	66.37	4.67
452.58	1046.54	910.6	1111.41	6.57	9.8	4.3	98.4	12431.17	679.8	207.43	50.9	5.13
422.77	1057.82	846.21	1136.46	5.69	7.28	6.45	95.9	13048.79	618.45	182.93	44.41	3.21
410.12	1003.92	822.18	1102.61	4.86	7.07	9.28	85.03	13588.41	553.72	154.79	37.28	3.38
429	1025.99	876.74	1087.05	7.48	10.52	10.21	83.66	13078.66	692.97	233.97	53.38	3.62
415.28	1013.83	841.31	1097.76	6.93	9.62	9.83	86.62	12964.62	687	218.48	50.45	4.07
404.3	1005.32	797.53	1134.01	5.45	7.34	9	91.21	12881.34	599.38	177.24	39.69	3.03
407.94	1037.52	801.09	1143.78	5.24	7.34	8.69	92.69	12798.76	592.41	169.28	39.72	3.34
399.49	979.76	761.46	1144.83	3.97	5.34	7.55	93.86	12699.62	502.9	131.28	29.86	2.21
397.68	979.53	747.49	1184.06	3.07	3.67	7	96.03	12616.5	469	100.33	22.93	1.5
395.99	963.62	753.87	1177.28	3.14	3.79	7	98.86	12553.97	450.1	102	24	1.72
396.42	970.53	739.13	1158.75	3.48	3.62	7	100.07	12483.03	490.55	115.21	24.97	1.17
394.99	946.76	752.84	1167.86	2.1	2.2	7	99.23	12417.1	404.33	74.93	16.07	0.53
394.15	936.3	741.88	1161.57	1.9	1.97	6.34	99.48	12397.69	396.76	72.69	13.41	0.59
394.03	939.91	739.51	1162.09	1.86	2.1	7	100.03	12375.45	392.83	70.07	13.97	0.76
393.81	934.69	741.32	1159.84	1.86	2.03	7	100	12368.97	379.97	66.17	14.93	0.79
394.39	936.52	743.12	1144.42	2.9	3.2	7	100.47	12359.63	467.73	99.03	20.9	0.97
395.23	955.67	772.52	1122.41	3.07	3.55	7.97	101	12354.24	443.59	106.28	22.93	1.1
393.32	967.22	790.82	1152.29	1.37	1.47	9.8	103	12349.7	308.77	52.2	10.37	0.47
391.55	930.9	797.1	1080.29	0.14	0.17	11	101.17	12351.24	215.86	14.86	4.07	0.31
390.95	912.98	810.86	1045.45	0.41	0.93	11	100.76	12349.69	235.55	22.9	6.38	0.66
396.77	978.32	796.93	1048.61	9.48	11.79	10.03	97.86	12335.28	734.34	262.24	66.86	2.97
395.53	973.93	789.71	1066.93	24.38	76.59	7.72	98.9	12314.83	1208.59	606.1	238.59	42.03
396.14	989.6	784.47	1063.38	18.93	48.47	7	99.23	12299.3	1100.4	485.43	172.03	24.8
399.97	1005.9	783.84	1071.1	11	13.1	6.55	98.66	12285.1	906.62	335.07	84.48	4.52
411.57	1027.88	834.93	1069.33	16.34	22.59	6	99.86	12299.72	1234.21	484.28	129.31	9.59
425.1	1033.13	878.22	1076.14	15.38	17.24	6.97	99.48	12481.41	1193.14	465.76	114.76	5.45
425.15	1034	882.12	1085.23	16.79	18.14	7.86	98.9	12468.21	1343.55	521.48	116.07	4.62
427.16	1032.86	896.02	1099.3	19.07	24.07	9.55	96.86	12310.34	1368.21	559.55	135.28	7.76
407.27	969.63	833.88	1095.64	11.93	20.9	10.9	93.31	12310.59	890.69	349	90.72	8.83
402.48	944.81	824.12	1091.25	8.45	17.34	11	91.03	12305.41	645.97	238.59	70	8.28
402.26	930.01	820.78	1072.67	7.21	14.76	11	88.55	12308.72	590.14	212.52	60.66	7
401.07	921.32	829.89	1059.92	7.21	14.45	11	88.9	12293.14	590.14	210.97	58.59	7.07
414.78	999.04	884.73	1026.97	11.93	18.93	10.34	93.21	12290.24	939.17	362.55	87.38	7.38
446.8	1007.88	1023.44	1015.76	24.52	30.76	8.69	96.83	12267.69	1767.66	735	172.76	9.97
470.89	1016.78	1114.13	1025.11	34.52	40.93	8	98.69	12255.07	2441.66	1045.86	235.69	13.14
453.52	1027.44	989.55	1058.58	47	79.47	8	98.93	12254.73	2969.5	1369.57	356.37	32.67
434.79	1041.03	927.55	1069.88	40	69.5	7.73	99	12238.4	2500.67	1149	309.27	30.17
422.6	1029.95	890.6	1061.72	31.27	49.8	8	98.67	12235.17	2094.87	913.13	233.7	20.97
412.94	1019.71	854.06	1050.89	22.59	34.41	7.1	98	12227.69	1578.21	663.69	169.55	13.14
404.05	999.88	833.77	1021.15	15	17.86	7	98	12219.04	1169.96	452.96	111.04	6.07
401.58	1004.8	829.7	1019.37	17.24	32.28	7	98.66	12202.62	1211.52	494.9	139.03	14.38
406.13	997.34	836.31	1027.7	18.43	33.53	7	98.97	12194.67	1310.37	540.1	149.7	15.9
400.53	980.23	828.56	1032.03	17.67	27.53	7	98.13	12185.67	1289.87	519.73	136.13	11.27
394.79	947.59	818.73	986.67	15.14	20.72	6.97	98.03	12180.24	1175.9	445.34	115.62	8.38
394.12	951.53	826.82	1001.65	12.14	16.28	6.03	98	12168.1	1015.69	362.72	92.1	6.28
395.2	957.99	827.39	996.38	9.55	13.03	6	98	12153	857.31	300.72	72.24	5.41
393.93	970.24	808.65	1037.26	9.27	10.97	6	98.8	12148.03	904.87	297.9	66.63	4.03
391.65	958.02	790.67	1012.24	10.87	13.83	6	100	12135.39	945.91	340.83	83.09	5.3
392.36	952.2	786.12	1033.2	7.17	8.66	6	99.97	12138.72	717.66	229.17	55.38	3.59
396.11	966.05	780.69	1066.98	4.83	6.1	6	99.17	12158.72	586.9	165.24	37.86	2.86
397.53	989.16	769.98	1090.89	5.66	7.07	6	99.72	12165.69	643.9	189.1	41.66	3.1
397.93	976.82	780.03	1091.58	5.83	6.66	6.93	98.93	12312.97	653.83	189.55	41.9	2.07
395.99	958.73	783.73	1083.75	6.07	6.83	7	97.38	12542.59	637.41	197.38	43.62	2.48
395.75	951.86	769.18	1102.84	4.57	5.8	7.13	96.37	12557.87	551.93	155.7	33.83	2.23
394.27	922.86	745.29	1148.01	2.77	3.17	7	95.23	12728.87	442.5	97.23	20.83	1.03
393.94	915.33	734.57	1133.56	3.24	3.38	6.52	95.9	12537.21	476.86	108.03	21.69	1.14
393.77	919.28	758.13	1107.47	3.69	3.86	6	96.38	12355.62	517.76	123.41	25.1	0.9
399.49	953.81	780.85	1087.8	5.97	6.28	6	96.83	12261.59	725.59	210.97	39.62	1.41
403.31	965.42	808.4	1050.93	11.21	11.52	5.41	97.31	12197.28	1139.45	380.93	71.41	2.48
414.8	1036.56	822.64	1085.06	19.38	19.55	5.14	98.76	12145.72	1683.21	646.79	124.79	3.72
419.34	1031.58	846.01	1073.97	24.9	25.17	5	98.21	12122.86	2153.69	849.1	159.24	4.45
421.46	1027.35	852.57	1071.88	33.69	33.72	5	98.9	12104.59	2681.31	1104.38	220.41	5.21
432.52	1012.39	899.21	1036.74	41	41.66	5.34	98.28	12088.66	3137.9	1322.03	272.48	8.52
436.44	1019.44	915.38	1044.38	45.72	47	5	99	12077.72	3457.48	1476.41	301.55	10.93
411.64	1014.98	842.68	1047.6	25.21	25.62	5	98.21	12076.31	2027.69	815.31	168.21	5.14
406.71	991.99	825.58	1013.55	20.03	21.07	5	97.93	12068.3	1585	628.23	141.33	5.23
396.32	965.36	806.14	989.52	16.1	16.62	4.41	97.48	12048.55	1282.03	494	118.38	4.28
395.52	961.3	806.38	990.99	18.48	21.52	3.34	98.69	12036.62	1416.45	567.83	144.55	7.41
402.77	957.44	831.77	971.78	20.1	22.83	2.66	98.93	12015.48	1550.28	622.28	157.9	7.86
406.59	983.66	851.79	998.11	21.9	23.9	3	100	12008.69	1617.52	661.31	170.14	7.38
417.35	980.8	873.73	993.81	22.72	26.34	3.9	99.14	11998.03	1682.76	686.24	177.83	8.55
415.12	990.07	868.45	1022.89	24.45	30.14	4	99.66	11987.86	1760.03	735.41	189.76	11.24
405.88	996.39	843.33	1038.59	22.69	31.21	4.31	100.55	12027.03	1697.1	688.83	179.28	12.72
405.73	987.82	845.74	1039.79	21.34	28	5.31	98.48	12291.52	1561.17	633.59	164.69	10.97
400.38	952.79	842.65	1027.52	12.76	13.41	6.55	94.48	12705.76	1023.07	374.55	92.17	3.28
398.52	947.04	835.19	1028.66	11.03	11.31	7.28	90.83	12787.21	935.1	340.55	76.38	2.03
395.47	908.72	798.68	1029.99	9.14	9.86	8	88.17	12788.48	801.21	271.79	61.38	2.14
396.57	914.82	822.03	1050.74	9.03	9.79	9.31	85.62	12934.45	812.86	287.52	62.93	2.28
396.8	904.42	800.38	1022.01	8.37	9.03	8.53	84.87	12465.57	799.4	262.07	55.37	1.63
398.57	921.05	815.84	1029.19	11.9	14.28	8.38	86.69	12544.59	956	357.41	86.66	4.45
399.36	945.49	803.83	1035.12	10.9	12.66	7.07	91.14	12410.34	953.34	343.62	76.21	4.03
405.44	985.44	817.84	1047.61	10.48	12.69	7	93.17	12337.31	956	341.34	74.79	4.76
409.98	1023.17	844.35	1053.42	12.52	13.38	7	94.34	12293.07	1083.03	400.38	84.76	3.07
413.07	1016.55	845.06	1067.12	14.72	15.24	6.17	94.24	12269.31	1256.21	478.24	100.76	3.21
412.72	998.55	846.51	1028.75	23.53	23.83	5.4	94.6	12245.33	1947.97	764.47	157.17	5.37
408.26	991.88	828.76	1028.58	14.93	15.62	5	95.59	12216.1	1329.55	490.14	103.14	3.93
404.73	971.08	829.21	1023.77	17.52	17.9	5	95.59	12187.79	1465.69	561.38	122.07	3.59
413.49	977.57	863.23	1014.97	21.62	22.28	4.31	95.62	12145	1742.34	689.07	156.79	4.9
414.42	977.16	871.2	999.09	17.93	19.93	4	96	12115.21	1534.34	573.21	125.66	6.45
407.82	969.91	845.64	1013.87	13.31	14.79	4	95.76	12084.62	1192.93	428.52	94.21	4.76
414.78	976.85	860.64	987.66	18.45	20.34	4	96	12044.14	1489.07	580.17	136.79	6.72
426.04	976.42	911.23	1000.97	28.34	33.34	4	96.79	12021.1	2114.93	889.21	213.45	12.14
421.49	978.48	900.32	1003.76	19.1	21.52	4	96.24	12005.52	1499.72	591.41	141.55	6.93
401.69	967.69	842.66	1006.77	6.41	7.41	4.62	94.24	11993.69	707.24	206.93	45.41	2.34
402.25	963.5	823.05	1010.84	5.28	6.21	4	94.17	11985.59	671.79	192.48	38.03	2.38
408.69	979.13	840.87	1018.61	4.31	4.72	4.55	93.76	11971.48	571.38	145.31	32.93	1.45
406.07	974.19	832.93	1015.4	3.66	4.21	5	91.03	11970.03	534.31	128.69	28.21	1.69
404.98	975.9	839.56	1020.36	4.79	5.34	5.93	89.79	12010.17	596.55	159.41	34.03	1.76
400.45	974.68	809.9	1055	5.59	6.9	6	91.31	12061.38	639.79	185.62	40.76	2.45
402.69	1024.15	804.63	1121.98	4.97	5.79	6	97.93	12112.28	604.38	168.72	34.1	2.07
399.37	992.33	789.8	1087.46	5.66	6.1	6	98.69	12107.41	653.48	188.55	39.66	1.83
395.51	961.54	765.59	1113.16	4.86	5.38	6	97.69	12034.24	593.17	163.86	35.69	1.72
390.77	915.16	743.17	1153.58	1.62	1.9	6	98.55	11971.1	372.28	58.55	12.86	0.76
390.84	919.8	727.19	1176.1	1.48	1.66	6	98.9	11957.97	355.07	55	11.62	0.66
390.87	915.14	732.47	1149.84	1.07	1.21	6.41	97.93	11934.21	325.45	38.17	7.72	0.48
392.05	916.03	743.3	1140.77	3.38	3.48	7	96.59	11920.17	486.59	118.45	23.28	0.72
392.46	907.46	768.5	1135.53	3.86	4.17	7.31	94.9	11928.31	536.62	142.41	29.66	1
392.21	897.63	756.63	1125.94	2.13	2.2	8	93.6	11915.23	372.63	70.87	16.27	0.53
391.46	900.06	756.79	1131.09	1.97	2.45	8	94.76	11909.41	394.76	70.03	15.52	1.24
391.43	899.6	759.86	1143.19	2.62	3.1	8.41	95.55	11899.45	405.03	86.48	19.21	1.07
390.79	898.04	759.16	1158.98	0.8	0.87	9	96.3	11893.27	264.1	25.77	5.63	0.57
390.32	904.21	749.89	1160.86	0.79	0.79	9	98.66	11890.97	267	26.9	6.21	0.31
390.49	895.34	759.35	1150.36	0.45	0.45	9	99.1	11875.48	247.79	18.97	4.28	0.17
390.48	900.47	763.05	1150.71	0.33	0.37	9	100	11864.7	246.2	18.37	3.93	0.43
390.35	911.21	746.11	1168.25	0.13	0.13	9	100	11845.77	236.7	13.73	2.7	0.23
390.2	913.19	744.56	1171	0	0	9.07	100	11851.24	213.69	6.76	1.72	0.14
390.45	908.21	755.57	1153.06	0	0	10	99.67	11831.37	215.5	5.1	1.07	0.07
390.98	918.47	749.39	1172.47	0	0.03	10	98.28	11830.38	215.52	7.66	1.76	0.21
391.77	906.09	757.86	1168.24	0.03	0.03	10	96.24	11817.55	217.03	10.07	2.55	0.1
392.44	897.29	763.68	1155.55	0	0	10.93	93.31	11810.03	216.86	10.76	2.07	0.24
393.61	899.86	764.74	1154.06	0.41	0.48	11	93.24	11851.55	239.34	21.72	4.52	0.48
393.49	893.75	763.22	1184.11	0.79	0.97	11	90.55	11961.66	258.55	25.28	6.55	0.48
393.96	888.1	766.99	1167.82	0.86	1.62	11.9	86.79	12326.17	253.86	26.52	8.31	1.1
394.3	867.94	780.7	1131.56	0.97	1.48	13.38	77.62	12515.76	225.69	33.24	9.69	1.1
393.01	830.34	756.59	1117.13	1.86	4.21	13.45	74.59	12172.38	272.34	58.41	17.28	2.14
393.9	864.29	770.53	1131.3	1.83	4.41	12.69	77.03	12104.97	288.48	60.24	18.38	2.72
394.08	879.98	795.89	1112.14	2.17	5.1	12.83	76.34	12055.28	297.45	66.41	19.86	3.28
397.33	877.48	807.17	1077.6	1.97	3.48	12.17	77.31	12010.41	303.1	65.55	18.55	2.1
396.12	907.47	796.7	1071.04	2.21	4	12	78.66	11967.55	311.24	71.31	21.14	2.24
397.5	929.53	808.53	1062.47	2.24	3.86	11.17	81.9	11932.24	317.72	70.66	18.62	2.14
399.59	927.65	822.19	1090.19	3.79	5.66	10.72	83.83	11886.48	411.07	112.9	31.28	2.83
399.3	951.68	815.04	1063.09	5.34	9.66	10	86.17	11854.24	529.97	168.9	43.24	4.31
399.91	951.81	841.92	1022.68	6.38	10.76	9.62	88.21	11807.83	594.03	200.03	50.62	5.24
403.69	959.07	838.49	988.14	8.86	13.03	7.45	93.1	11797.31	776.31	272.17	67.62	5.83
404.05	992.85	833.88	1046.16	9.37	13.9	7.23	96.67	11776	815.2	287.93	70.3	6
402.33	967.78	847.21	1042.36	6.5	10.83	8.57	93.6	11751.5	621.07	209.03	51.5	5.57
402.24	963.04	845.24	1011.32	8.72	14.31	9	92.66	11740.38	749.31	265	67.9	6.66
405	976.51	866.44	983.51	8.9	12.7	9	92.83	11727.77	780.4	277.13	66.6	5.2
406.06	990.06	863.18	1007.03	8.86	11.69	9	93	11724.48	782	274.79	63.55	4.14
405.81	961.43	870.07	982.36	8	9.72	8.14	94.24	11706.17	743.41	246.48	55.79	3.72
415.23	953.8	903.05	957.66	7.93	9.83	7.27	95.43	11691.8	748	250.33	58.1	4.07
421.41	947.36	935.85	960.11	9.21	10.62	6.79	95.59	11679.72	836.1	282.83	66.59	3.55
420.35	958.89	931.43	961.06	8.79	11.41	6	97.38	11660.41	835.66	280.28	64.21	4.52
420.8	1015.51	908.09	1040.21	6.93	9.52	6.59	98.07	11645.17	701.14	217.59	53.9	4.24
420.78	1026.66	895.46	1047.69	5.14	7.14	7.41	95.76	11646.55	596	170.86	40.31	3.34
422.23	1025.57	893.52	1066.69	7.83	11.48	8.21	92.31	11624.1	771.34	253.62	57.62	5.07
413.27	1005.38	874.11	1040.8	9.52	13.9	9.41	87	11606.24	823.48	289.59	68.72	5.79
407.04	977.72	833.11	1058.39	7.9	12	10.86	80	11612.86	714.24	248.48	56.1	5
403.74	956.42	819.79	1056.16	6.34	9.24	12	72.66	11607.93	595.93	197.38	44.48	3.55
403.21	987.23	803.92	1094.25	6.87	9.57	11.23	74.3	11604.77	656.07	224.27	49.5	3.53
397.31	945.79	781.21	1096.21	5.03	7.41	9.03	69.62	11593.72	548.9	160.72	36.38	3.03
398.57	954.89	781.03	1112.58	4.62	7	11	70.48	11574.66	500.66	147.52	34.17	2.86
398.69	959.29	779.07	1114.19	4.59	6.93	10.24	73.83	11553.14	496.83	148	33.28	3.28
401.43	984.85	797.76	1106.6	4.24	5.79	9	76.59	11535.45	509.48	145.03	31.28	2.1
416.8	1038.26	855.62	1081.44	8.07	10.24	6.34	86.48	11500.83	811.79	268.45	59.24	4.17
460.61	1033.93	968.33	1066.25	17.9	20.33	4.6	92.47	11483.87	1484.23	568.27	131.4	6.83
479.76	1050.95	1079.43	1081.14	34.9	39.52	4.66	94.93	11457.34	2537.9	1067.72	249.1	12.34
447.1	1058.09	968.09	1097.65	23.62	26.97	6	92.07	11452.24	1815.34	727.93	166	8
398.36	993.42	804.88	1076.52	6.59	7.17	7	87.1	11455.24	696.52	210.66	45.28	1.62
397.12	969.85	796.28	1039.85	6.77	7.73	6.5	87.27	11439.4	731.27	222.53	49.8	2.77
397.51	953.93	816.15	985.59	11.4	12.53	4.33	92.13	11420.77	1062.53	378.37	81.53	3.83
403.89	982.4	828.34	1041.93	9.21	9.79	4	95.34	11391.07	940.24	304.59	63.93	3.14
396.93	968.6	810.67	985.73	8.83	9.17	3.24	95.17	11375.1	897.34	292.69	64.31	2.45
398.45	964.22	829.23	965.99	10.62	11.38	3	96.24	11359.1	999.03	349.07	81	3.9
403.97	977.6	842.47	992.62	13.66	14.93	3.07	97.31	11338.79	1188.79	442	102.28	5.14
404.66	992.9	846.38	1003.08	12.07	13.48	4	96.24	11312.41	1136.76	402.79	86.34	4.69
409.04	990.27	844.9	1011.24	10.66	11.69	3.48	96.31	11295.41	1009.55	347.72	78.31	3.93
405.36	1001.63	842.16	1032.46	9.21	9.97	4.34	95.24	11277.31	910.17	307.38	67.83	2.93
412.49	999.19	877.41	1005.24	10.52	11.41	5	92.93	11304.31	996.97	344.28	74.52	3.62
414.3	981.89	881.83	996.1	11.34	12.59	6.14	90.28	11364.34	1042	369.48	80.34	4.17
404.44	959.2	854.03	985.33	9.62	10.45	7.45	84.45	11282	881.14	305.1	65.55	2.93
400.26	937.72	828.51	988.2	9	9.34	8.62	78.03	11267.55	829.1	288.52	61.66	1.93
400.04	947.98	826.23	1011.5	10.52	10.76	9.38	74.14	11264.72	922.79	335.69	68.31	1.45
398.03	942.61	815.87	1024.46	10.28	10.41	9.83	71.28	11250.38	888	324.52	67.24	1.34
399.36	939.37	818.1	1010	10.52	10.72	9.83	72.34	11237.52	897.07	327.1	68.21	1.62
398.92	954.37	828.2	1012.44	11.48	11.76	9	74.03	11224.86	985.86	362.21	76.07	1.59
400.48	967.86	815.45	1019.54	13.76	14.41	8.66	75.45	11200.03	1137.38	424	92.28	2.79
408.81	994.61	840.77	1005.3	13.97	14.03	6.9	82.38	11166.59	1131.55	435.62	99.69	2.52
422.43	995.92	890.74	1001.01	24.28	24.9	4.76	89.97	11149.55	1810.14	753.66	173.62	5.83
451.43	994.17	970.32	990.68	29.45	30.55	3.62	93.17	11108.45	2253.17	942.45	208.48	7
458.39	993.72	998.33	987	30.93	31.93	2.97	94.69	11074	2411	1003.07	225.79	7.79
471.25	975.57	1063.49	967.91	53.33	54.47	2	95.2	11039.7	3991.73	1731.8	379.97	12.43
493.41	966.82	1140.33	964.83	61.59	62.07	1.48	95.62	11020.93	4714.28	2035	440.76	14.1
507.69	958.9	1181.17	943.25	62.31	64.55	1	96	10980.69	4726.93	2049.72	457.66	18.76
501.86	955.06	1159.62	933.15	60.6	62.77	0.5	96.5	10964.1	4665.2	2013.03	452.07	18.93
495.46	952.02	1136.45	949.47	57	57.93	0	97	10942.07	4491.21	1916.76	416.14	14.34
488.13	945.72	1125.01	938.39	53.72	53.9	0	97	10908.79	4295.34	1828.21	393.55	13.79
486.3	954.7	1104.43	962.3	56.03	63.43	0	97.77	10885.97	4317.07	1871.67	429.53	22.83
444.86	985.42	959.47	994.98	42.45	47.31	0.55	99.76	10868.79	3187.41	1365.21	328.52	17.38
433.06	980.08	951.3	1006.83	32.76	35.07	1.72	98.83	10832.62	2475.55	1046.21	247.72	11.28
419.17	964.86	895.61	995.42	22.34	23.79	2.66	97.62	10802.34	1851.83	725.45	164.03	6.93
402.91	958.59	861.23	964.36	16.76	19.1	3.17	97.21	10762.24	1378.59	520.86	125.59	6.14
396.23	948.39	827.59	991.08	15.1	22.21	4	97	10705	1187.93	452.62	124.28	10.24
396.54	935.71	824.48	955.02	16.1	26.03	4	96.55	10640.45	1192.79	474.24	137.17	12.76
397.52	928.15	839.97	967.51	14.25	16.63	4.04	95.29	10546.5	1120.21	420.46	110.79	5.58
403.21	940.97	698.72	1081.65	5.14	5.21	6.93	58.07	12248.64	581.93	160.64	38.07	1.36
402.41	882.59	761.41	1067.29	4.62	4.76	9	52	12461.66	511.07	144.28	33.21	1.1
401.88	861.31	771.21	1053.21	4.21	4.48	10.34	48.72	12292.62	485.1	135.48	29.07	1.03
401.7	851.23	773.92	1051.73	3.34	3.69	11.55	46.66	12893.83	428.76	109.97	23.69	0.72
401.67	839.22	767.02	1037.3	3.55	3.97	12	45.1	13335.31	425.34	113.1	26.69	0.93
400.68	856.18	774.27	1052.93	3.28	3.48	11.31	46.21	12872.38	416.83	104.14	23.86	0.97
400.32	872.61	756.44	1080.65	3.38	3.66	10	48.76	12630.83	451.17	120.59	25.69	0.69
399.45	900.77	748	1105.45	4.34	5	8.21	52.83	12404.45	522.66	146.31	30.83	1.59
399.3	911.85	758.1	1111.82	5.1	5.45	6.55	57.21	12318.31	586.48	168.21	37.72	1.41
397.98	921.94	742.19	1121.52	5.48	5.76	5.66	60.9	12280.59	641.17	177.93	39.97	1.38
397.18	919.47	728.53	1123.41	5.43	5.77	5	62.87	12265.63	634.17	181.1	40	1.23
396.62	916.68	742.77	1111.53	5.34	5.45	5	64.48	12233.07	644.76	177.76	39.83	1.21
396.06	913.62	742.34	1133.73	6.14	6.21	4	65.34	12215.34	687.69	198.83	46.41	1
396.11	905.41	742.51	1092.5	6.87	7.03	4	66.6	12182.07	755.5	217.53	50.57	1.43
394.74	912.53	743.27	1114.71	7.59	7.86	2.28	65.34	12161.66	773.62	245.03	57.38	1.9
394.53	903.36	747.35	1124.75	8.1	8.21	4	68	12142.03	791.03	252.45	61.41	1.55
393.91	895.72	740.97	1108.66	8.3	8.37	3.97	68.13	12117.03	842.4	262.97	62.27	1.53
393.74	908.01	728.22	1126.31	8.45	8.66	3	66.45	12104.31	816.34	267.45	63.62	1.59
393.31	904.22	734.63	1122.21	8.38	8.62	3	69.28	12081.59	822.9	270.45	60.72	1.41
394.1	902.46	736.02	1116.83	8.83	8.83	3	69.03	12067.6	854.87	284.23	66.1	1.4
394.34	908.5	734.12	1135.11	9	9.03	3	69.38	12048.9	860.38	288.14	67.1	1.48
394.97	920.17	728.53	1123.92	9.83	9.83	3	70.69	12026.31	891.83	302.76	74.14	1.21
395.63	927.23	750.11	1110.72	9.9	10	3	71.38	12017.34	913.03	308.69	75.24	1.66
396.77	932.28	738.82	1082.57	9.97	10.21	3.21	71.34	12056.24	903.52	308.38	75.07	2.07
402.93	924.26	762.84	1100.88	9.48	9.52	5.07	66	13207.59	869.21	295.1	70.86	1.28
396.77	896.02	768.67	1057.39	7.83	8.14	7.93	57.24	13537.76	748.17	251.59	57.24	1.79
396.7	878.72	780.73	1050.7	6.79	7.07	9.69	52.97	13258.55	650.62	211.72	47	1.38
397.51	871.81	801.28	1024.86	5.8	5.9	11.4	49.57	13777.3	595.23	187.9	41.87	0.7
398.08	850.63	809.81	1001.73	5.1	5.3	13.5	45.57	13390.7	550.47	163.33	34.23	1.03
396.98	838.43	787.23	1004.26	5	5.14	12.69	45.79	13411.9	517.55	162.55	33.21	0.69
398.07	871.77	789.78	1028.89	4.9	5.23	11.13	48.07	13000.1	519.53	158.67	35.07	1.03
398.04	904.11	783.54	1063.33	4.86	5.1	9.31	51.69	12670.79	553.9	158.38	33.83	1
398.2	928.12	776.37	1051.61	5.97	6.21	7.48	55.69	12582.79	664.34	188.79	41.55	1.52
396.23	925.21	779.85	1070.84	6.31	6.52	6.21	59.31	12531.34	679.31	206.07	44.14	1.21
395.67	929.9	774.1	1067.74	7.03	7.23	5.63	62.93	12493.03	733.03	227.03	51.9	1.17
396.1	931.63	776.05	1058.95	7.4	7.63	5	64.63	12463.53	757.83	235.23	55.97	1.4
394.97	924.59	765.94	1059.54	7.48	7.62	5	66.1	12440.14	782.97	238.14	53.21	1.52
394.29	930.21	767.61	1059.73	7.4	7.67	4.37	68.7	12410.4	757.83	236.83	56.53	1.77
396.49	940.28	786.13	1036.88	12.17	12.38	3.76	71.1	12389.86	1042.83	381.1	91.9	2.55
394.26	943.48	765.82	1073.99	8.67	8.77	2.9	75.5	12365.47	841.3	279.3	66.07	2.17
392.26	918.6	760.53	1074.11	8.86	9.28	4	73.14	12349.86	834.45	276.28	68.45	2.24
391.58	915.41	766.36	1059	9.38	9.83	3.62	71.45	12330.59	870.97	287.62	71.45	2.03
391.61	920.84	758.5	1032.42	9.45	9.83	3	75.45	12311.07	872.07	295.31	72.59	2.34
395.08	961.8	783.06	1025.43	10.93	11.17	1.79	79.66	12293.38	979.59	332.86	84.21	2.9
408.43	986.69	831.98	1031.43	16.72	17.34	0.21	84.59	12276.38	1433.79	538.03	129.41	4.41
422.5	1001.38	867.09	1023.83	13.1	13.93	0	87.5	12265.6	1204.17	420.33	104.57	4.47
445.56	1037.15	917.34	1072.13	15.03	16.1	0	90.31	12251.66	1347.83	487.55	120.79	5.59
473.09	1061.19	1024.8	1084.65	19.86	20.83	0.24	88.59	12277.1	1713.48	649.14	154.17	6.93
433.97	1066.67	890.28	1115.53	14.93	15.83	4.38	75.86	13656.03	1268.07	469.1	108.45	4.1
409.69	915.38	841.53	998.17	8.97	9.66	9.66	55.83	13518.24	787.9	264.86	64.69	2.45
396.44	862.18	823.01	962.75	6.66	7.14	11.38	50.52	13328.83	614.86	201.62	46.9	1.86
399.26	860.6	844.31	953.85	7.73	8.53	13.97	46.4	13754.87	649.27	228.57	53.77	1.87
403.1	880.57	870.11	942.8	9.86	11.17	16.03	43.76	13376.76	749.86	283.17	62.21	2.41
398.6	866.28	843.99	995.58	8.62	9.31	15.34	46.45	13352.1	723.1	266	54.14	1.76
399.45	900.68	830.07	992.5	5.52	6.14	13.9	46.9	13062.41	543.83	177	37.41	1.48
403.29	966.68	839.11	1020.93	6.21	6.76	11.59	51.59	12864.66	591.52	194.93	43.21	1.72
407.18	1003.36	824	1018.77	7.38	8.1	8.97	57.93	12654.86	709.1	233.14	52.48	1.79
410.76	1023.59	840.38	1051.84	10.83	11.69	7.24	63.66	12590	984.83	336.21	75.52	2.86
402.04	990.15	816.32	1042.16	10.73	11.6	6.07	66.67	12553.77	949.33	331.27	76.5	3.03
401.31	988.67	807.48	1011.72	11.52	12.52	5.14	70.79	12515.41	998.48	357	84.48	3.62
401.32	990.78	810.16	1035.78	12.07	13.79	4	74.24	12481	1051.07	373.07	88.79	4.48
395.89	967.01	797.88	1007.6	9.41	10.69	3.21	69.59	12449.28	873.28	294	71	3.34
394.57	949.93	796.88	1023.72	9.13	9.87	5.17	71.77	12434.27	844.43	280.37	69.57	3.17
393.42	928.47	791.25	1010.21	9.24	10.07	6	69.28	12416.52	844.97	286.14	68.59	3.03
395.4	948.66	804.69	1005.94	10.52	11.69	6	70.66	12404.97	923.52	322.24	79.24	3.69
411.74	997.4	864.09	1019.11	17.8	19.47	5.7	75.4	12386.43	1415.43	544.73	130.1	5.3
400.05	985.37	819.77	1022.2	12.83	14.34	5	84.34	12359.86	1098.41	395.24	91.93	4.31
393.44	950.8	799.11	1021.91	11.37	13.9	5.17	86.07	12341.77	1000.33	345.9	85.5	4.97
393.28	945.13	805.43	1027.34	12	15.17	5.86	85.31	12324.69	1001	357.03	91.24	6.1
396.07	973.9	790.43	1043.03	11.07	14	5.97	86.59	12310.14	962.76	331.66	84.93	5.62
398.38	984.4	792.89	1036.46	10.83	13.59	6	85.1	12301.9	916.66	325.17	80.86	5.31
402.06	993.78	818.29	1031.5	11.38	14.41	6.34	86.1	12312.45	961.86	346.24	87.17	5.69
400.53	989.06	811.5	1020.96	11.69	15.72	7	88.48	12377.14	968.55	350.1	89.24	6.52
404.1	984.34	835.11	1004.74	12.28	15.66	7.52	87.79	12545.97	997.17	371.66	90.55	5.79
409.56	998.96	861.18	1044.26	25.43	31.83	7.97	89.37	12641.27	1859.67	763.73	177.63	10.6
410.08	982.93	867	969.9	22.69	25.97	8.34	89.41	12731.03	1733.45	695.83	156.17	8.14
405.41	979.86	845.14	982.9	16.38	20.62	9	88.31	12930.52	1217.93	484.31	116.55	7.1
411.79	990.11	882.51	982.1	17.23	21.97	10	89.97	12965.33	1298.73	520.3	121.4	7.17
411.1	975.8	869.62	967.69	15.72	18.79	9.48	89.9	12743.62	1198.59	472.83	108.21	5.59
415	1003.5	881.06	1014.59	20.66	24.07	9	93.72	12540.69	1566.1	636.66	142.69	6.59
416.95	991.04	900.97	989.06	17.87	21.17	8.2	94.63	12437.57	1368.27	545.8	124.23	5.9
430.32	1016.75	914.56	1015.28	19.97	23.14	8.17	96.72	12384.1	1546.38	617.38	138.28	7.14
411.39	1019.14	863.78	1093.31	17.41	20.14	9.48	99.28	12343.28	1344.69	525.41	118.59	5.76
406.26	969.26	844.96	1016.98	12.48	14.31	9.86	96.45	12316.52	1064.76	385.72	83.52	3.97
421.43	1018.96	866.25	1008.85	18.1	20.47	9	95.8	12299.97	1420.47	565.8	119.87	6.17
420.4	984.82	888.94	950.57	20.03	24.66	8.24	94.52	12281.28	1490.83	607.34	139.62	7.66
425.23	977.9	904.05	976.76	24.24	28.9	8	95.86	12278.41	1799.83	750.52	171.93	9.48
423.49	983.3	903.92	1005.56	22.33	26.97	8	96.37	12271.4	1637	677.03	158.93	9.27
414.25	979.27	893.65	967.91	17.86	21.72	8	96	12258.62	1369.28	551.97	128.79	7.34
410.92	955.08	883.96	950.96	18.28	27.03	7.07	94.83	12247.17	1346.24	548.9	139.31	11.07
413.54	948.18	883.69	917.13	17.87	23.57	6	96.3	12234.87	1428.3	553	131.3	8.97
406.55	975.14	850.65	965.71	14.9	19.07	6.73	96.53	12231.53	1236.47	458.07	107.27	6.87
401.54	964.36	861.02	1008.09	15.24	20	7	95.59	12226.28	1189.07	459.55	111.52	8
399.56	962.9	842.74	964.45	13.59	16.07	7	94	12199.41	1090.1	408.72	97.45	5.34
412.78	974.28	868.82	1010.84	15.87	25.13	6.93	95.7	12206.9	1226.97	481.63	123.6	10.83
405.51	975.02	861.61	982.67	21.31	38.79	6.41	96.83	12211.31	1512.59	633.41	168.07	17.9
410.39	992.82	879.9	1019.8	22.72	41.1	7.59	96.97	12326.24	1519.07	668.17	179.69	18.79
405.46	973.37	850.34	1012.54	22.59	37.9	8	96.03	12484.83	1522.9	656.55	175.79	16.48
401.23	991.18	832.53	1049.51	19.07	27.6	8.43	95.07	12671.77	1333.07	555	142.73	10.8
397.23	959.03	796.12	1064.3	12.8	14.2	9	94.17	12706.97	989.83	378.37	90.63	3.7
395.09	925.1	789.05	1084.72	11	11.34	9	91.41	12742.66	938.14	344.21	73.24	1.83
394.33	918.4	757.29	1091.44	7.72	7.83	9	89.17	12700.97	728.14	246.69	53.59	0.59
393.45	901.78	740.22	1116.57	3.72	3.93	9	86.21	12677.31	495.07	129.69	24.69	0.59
393.48	914.12	748.71	1140.82	2.21	2.41	8.69	84.62	12492.41	401.03	87.24	16.24	0.62
393.57	908.97	740.32	1121.57	2.07	2.1	8	84.14	12364.48	388.21	78.48	15.38	0.41
394.5	924.01	747.12	1110.2	3.97	4.03	8	83.87	12308.3	543	138.1	28	0.77
396.54	913.86	747.35	1127.68	5.7	6	8	82.6	12274.17	644.03	195.03	40.23	1.53
398.79	921.73	751.45	1118.44	4.8	4.8	8	81.27	12259.23	596.23	167.1	32.67	0.73
395.64	911.84	746.49	1117.48	3.97	4.38	8	79.62	12238.52	528.83	136.9	27.52	1.28
396.38	910.69	756.9	1103.41	7.4	7.93	8	78.73	12212.4	734.6	235.73	51.57	2.07
395.97	900.92	768.28	1089.38	6.17	7.1	8	78.73	12202.23	641.6	193.97	41.9	2.2
405.01	905.5	801.39	1079.59	6.69	7.55	7.9	78.97	12193.79	765.93	247.28	50.38	1.86
393.94	900.81	766.14	1075.2	12.07	13.33	7	79.4	12184.27	996.23	363.87	84.3	4
393.49	918.26	777.63	1053.2	4.14	4.38	6.97	87.55	12167.83	540.86	143	31.14	1.1
390.9	900.18	734.85	1146.39	2.52	3.17	6	89.52	12149.41	412.14	82.59	20.21	1.28
390.87	907.32	718.61	1166.92	2.9	5.03	6	86.38	12141.59	452.62	94.86	26.07	3.21
390.38	913.52	733.55	1120.88	2.21	3.59	5.83	87.21	12133.24	402.24	74.03	19.52	2.28
392.04	942.92	748.88	1092.32	3	4.45	5.38	86.76	12118.21	456.31	103.97	24.38	2.38
392.77	938.88	745.96	1113.94	3.62	4.86	5	90.14	12101.55	488.9	117.03	28.97	2.55
391.8	923.38	725.96	1148.96	3.38	4.59	5	93	12111.31	483.52	112.55	27.48	2.28
392.83	920.38	737.9	1162.04	3.45	4.62	5.52	90.86	12435.72	473.34	112	28.62	2.38
391.6	887.44	715.9	1149.43	1.93	3.14	6.03	84.24	12534.28	371.72	60.28	16.24	1.83
391.89	890.73	721.79	1178.52	1.28	2.17	6.76	82.9	12813.55	340.41	46.38	11.31	1.59
391.6	868.18	698.29	1166.87	1.79	2.79	7.14	77.93	12696.03	363.07	59.24	15.93	1.83
392.11	891.87	696.89	1191.95	1.93	2.76	6.9	79.79	12824.21	407.9	67.24	15.76	1.21
391.73	869.2	706.18	1178.01	1.97	3.77	7.93	69.97	13042.13	374.9	64.23	17.47	2.23
391.33	845.92	706.62	1167.89	1.66	2.76	8.41	65.03	13042.41	329.38	55.31	15.79	1.76
392.71	874.49	704.22	1169.61	2.03	3.03	7	73.83	12549.97	375	70.97	17.31	2
392.39	907.88	699.59	1191.9	2.93	3.86	5.34	85.72	12439.28	454.79	94.55	23.66	1.72
395.42	927.46	715.71	1193.13	4.03	5.03	5	88.34	12379.62	563.93	144.76	31.34	2.07
394.16	922.35	711.59	1146.63	2.79	3.14	4.34	91.41	12331.1	463.9	97.86	23.07	1.28
394.51	937.03	719.65	1208.59	3.24	3.41	4	94.14	12296.34	509.31	114.86	24.24	1.07
392.51	923.44	708.58	1185.48	2.24	2.34	3.41	94.76	12274.83	429.17	77.59	16.28	0.48
392.12	917.57	710.54	1197.79	2.07	2.07	3	95.34	12263.24	437.38	80.66	16.38	0.72
392.48	923.03	710.74	1108.9	2.27	2.8	3	95.6	12233.9	437.9	85.47	18.53	1.6