决策树
0.06316360271364996	767.4581784422155	18.446988578226634	27.703035545625962	
0.8967380871118749	7696.989712007158	66.8899659442119	87.73248948939701	
0.8758151771155389	8012.298091250928	66.62030785734329	89.51144111928333	
0.7923222786063697	25664.1720455052	126.7917749342285	160.20041212651483	
0.9933629722390025	3.8208006394476612	1.464512571245938	1.9546868392271077	
0.9869169824329171	7.81057058390831	2.029541223006956	2.7947398061194018	
线性回归
-0.5944016054603289	1306.1368616508992	23.702042868644416	36.14051551445966	
0.9078104750173219	6871.670352603937	60.803540002094365	82.89553879795906	
0.697278669709573	19531.320176891168	102.87483973364705	139.7544996659899	
0.550226046763383	55581.67741821915	181.9069788895304	235.75766672203716	
0.8660649155473541	77.10367874734229	5.430442238610926	8.780870045009337	
0.8657676639565021	80.13679794702031	5.5567253183801	8.951915881364185	
SVR(rbf)
-1.1968697660935081	1799.6799375479025	30.47751919071249	42.42263473133066	
0.7890420949670852	15724.489110172723	102.41945582751708	125.3973249721569	
0.6782427094231855	20759.503981683913	115.7279278297519	144.08158793435027	
0.6718379058438336	40553.259091639105	173.7772294603662	201.3783977780117	
-28.16942217865147	16792.237568667275	126.27615926182088	129.58486627946672	
-16.749653188815653	10596.555294700946	92.39683704160751	102.93957108275197	
随机深林
0.003380526692103314	816.4325892978021	18.288783202758932	28.573284538145106	
0.9268299824321233	5453.984501115082	55.29691812297736	73.85109681727877	
0.9078668646157028	5944.350747815385	55.05485807905687	77.09961574362991	
0.8069890957353166	23851.692037388166	123.41402273462782	154.4399301909586	
0.9969499215522373	1.7558675514453117	0.9850723086000398	1.3250915256861737	
0.9947985629493566	3.1052615356889715	1.3533286470459651	1.762175228429049	
GBDT
-0.16726570851551448	956.22631337792	20.89067856014381	30.922909199781316	
0.8796343047508992	8971.880261550501	71.54319870058491	94.72000982659631	
0.9034166801574289	6231.472826122143	56.61372196738798	78.93967840143601	
0.7772824051311273	27522.75320587751	119.91416179684268	165.8998288301634	
0.9969931299495067	1.7309933641040618	0.9900334503015761	1.3156722099763534	
0.9950722685629584	2.9418590940666993	1.2507969523332771	1.7151848571121129	
