决策树
0.6692971665136381	126.58822531720922	8.213478609001928	11.25114328933772	
0.5297335540563516	1001.3460193674915	24.13710700599389	31.644051879737074	
0.5843256574938509	2724.373745778877	35.11966990689043	52.19553377233417	
0.4650667369774034	2085.571095015969	35.21446242855141	45.668053330703394	
0.988010448371672	1.4448640190615054	0.6803754334192643	1.202024966072463	
0.8015684240189025	33.31472109729939	2.106905817399423	5.771890599907398	
线性回归
0.8048416609961666	74.70376812289508	6.727298558918951	8.643134160875618	
0.43686754493282276	1199.0871284185378	26.613046344218443	34.62783747822751	
0.6894891710876736	2035.1209193438838	30.28492623214594	45.112314497749765	
0.1888469335526095	3162.4830721076023	46.348074104025436	56.23595888848702	
0.998705727703763	0.15597309471378623	0.2906432099770991	0.39493429164075666	
0.9947485579320913	0.8816657680916116	0.6788797301131382	0.9389705895775499	
SVR(rbf)
0.6462290751353383	135.41835452490048	10.21221438246838	11.636939224937993	
0.6458347421322254	754.1298645122847	22.102202388495094	27.46142502697711	
0.25130420633965866	4907.031671778347	52.9821159187264	70.05020822080651	
0.45516858593139464	2124.161512069143	38.45979625938064	46.088626710601204	
0.8920649937677507	13.007275979669215	3.1249816808016844	3.606560131159498	
0.8149665902913154	31.065300004039525	5.079796793014685	5.573625391434154	
随机深林
0.6947950081089103	116.82802313527682	7.803591081382384	10.808701269591866	
0.6815822894855335	678.012028436276	20.2995367494824	26.038664106214743	
0.617626971249696	2506.11340199779	34.4559890003716	50.06109669192026	
0.6407401048863351	1400.6645401220412	30.139517001114832	37.425453105100026	
0.9940020687326587	0.7228122740227806	0.4800271673978196	0.8501836707575491	
0.9427333301865088	9.61451383719962	1.1978220118046203	3.1007279527878	
GBDT
0.6460555990560646	135.48475863997484	7.6220488255918175	11.639792035941829	
0.7765042642094551	475.89311827339696	17.068240901273374	21.814974633801363	
0.7242934559472594	1807.0099434766114	27.46678057744843	42.50893957130207	
0.6278704825054414	1450.8399812409991	30.17101979452022	38.08989342648518	
0.9954620619886634	0.5468681028755148	0.4235312199238168	0.7395053095654653	
0.967511445126782	5.4545106498507465	1.066392003773475	2.3354893812327098	
