366.3	427.5825665153965	398.93
300.93	358.2667712168524	334.51545454545453
38.2	152.1642981843629	104.265
461.8	477.39716130794346	439.2938461538461
575.3	438.89264402542784	593.97
389.17	393.86412275391166	293.1477777777777
604.8	605.3765504615951	631.434193548387
503.0	463.87802826929527	439.2938461538461
604.17	524.7861562056412	587.1622222222221
201.7	258.06001294106187	136.53833333333333
659.67	657.5656563894818	676.0715789473685
325.9	410.6916204603126	293.1477777777777
241.57	302.8934112296824	206.90083333333328
87.47	195.12264710101027	149.68777777777777
247.83	323.4639945636407	244.68083333333337
442.07	477.46966514891886	439.2938461538461
266.2	240.18115021143598	136.53833333333333
422.0	405.5610504796452	417.5891999999999
327.0	406.1722548027963	351.5
432.5	450.87054831840425	417.5891999999999
583.5	519.7578225249881	631.434193548387
495.8	544.9753634592121	587.1622222222221
10.47	-60.6031679047681	28.6
479.93	537.5474423946291	587.1622222222221
326.43	278.1312128978536	334.51545454545453
526.97	438.17912676640816	547.7075
562.97	490.4928449564142	587.1622222222221
8.37	163.47058711452047	15.3
21.6	178.04986499104	25.67
40.3	195.11640634317297	25.67
295.57	333.458903041558	244.68083333333337
154.17	290.1771472370254	217.89
36.43	206.10362280106546	191.8
492.4	439.10773040150565	525.1128571428573
74.5	194.9781288984123	149.68777777777777
46.63	113.56343864004515	115.06428571428572
245.33	331.49444240642487	244.68083333333337
62.47	264.85741573796776	136.53833333333333
545.0	476.89207602806727	587.1622222222221
298.63	299.0125034060922	334.51545454545453
345.9	393.26101066844745	244.68083333333337
128.37	203.26849356179684	149.68777777777777
138.1	270.8189772066742	149.68777777777777
126.13	107.63903217516253	115.06428571428572
202.7	248.9009768734905	206.90083333333328
390.83	475.98655847920776	351.5
139.2	247.6903568385768	206.90083333333328
131.5	175.98002433683013	115.06428571428572
69.28	280.38042218192965	66.2
155.4	206.59538715386503	149.68777777777777
57.0	87.2740673433405	115.06428571428572
77.11	204.89091742441929	116.30000000000001
205.4	297.95521519438347	206.90083333333328
259.2	322.76816282993485	244.68083333333337
156.9	166.51600396940734	149.68777777777777
101.37	156.28439047319137	115.06428571428572
581.43	605.1049470520891	712.4899999999999
417.5	447.73425134604355	364.1
194.3	297.56861595677606	206.90083333333328
515.03	585.5946263575851	560.2500000000001
126.77	151.15458516857348	83.43
346.83	423.7138688240581	244.68083333333337
515.47	568.4775226595084	475.9037500000001
617.6	615.3947391087845	712.4899999999999
210.73	256.1984073445275	206.90083333333328
271.57	310.1568504235744	350.87
563.17	590.3479945291865	632.1
327.03	369.06070857686746	350.87
634.7	653.9674672061242	587.1622222222221
495.9	550.3422217027992	475.9037500000001
85.17	207.98253399957815	59.6
301.4	376.72414751022427	244.68083333333337
381.13	502.2130994870069	417.5891999999999
478.1	538.3441583993949	417.5891999999999
225.37	282.57116856400006	191.8
703.43	729.978890987845	774.9378571428572
196.03	234.91710816849155	206.90083333333328
401.63	501.7365740676533	475.9037500000001
466.4	580.4242980231543	560.2500000000001
358.87	429.8793975084851	244.68083333333337
484.6	576.4976999307139	475.9037500000001
108.23	114.42140379421801	201.87
174.1	212.51552441707793	206.90083333333328
709.5	690.4749092150821	739.3
594.03	594.2526254884344	587.1622222222221
699.3	745.6417431057412	774.9378571428572
75.17	130.57064657741603	115.06428571428572
244.93	257.4058526889663	206.90083333333328
249.6	318.4562670591367	350.87
229.33	277.32664391717566	206.90083333333328
102.87	173.55303824303473	149.68777777777777
210.43	267.19474140906965	206.90083333333328
210.13	344.4377100692305	94.6
221.0	258.83268225198066	149.68777777777777
137.97	204.488532269095	193.025
291.97	360.9554573118049	244.68083333333337
44.57	-25.73930020804511	57.73
227.0	270.988311962283	149.68777777777777
94.07	140.37320559297115	115.06428571428572
627.53	646.4933164285253	712.4899999999999
116.7	154.6803154574165	193.025
168.43	138.46810220166998	115.06428571428572
329.93	396.1828430641217	244.68083333333337
208.57	308.65434157911557	136.53833333333333
312.63	396.0061990407073	244.68083333333337
102.77	281.71750592080735	136.53833333333333
42.17	96.56136365003158	115.06428571428572
145.13	188.97793792567307	98.8
293.4	307.31426514774785	244.68083333333337
214.07	364.01744787671623	350.87
446.1	545.2213398079168	475.9037500000001
246.13	305.4156257393375	301.27
64.57	227.55973739696174	149.68777777777777
281.47	335.8831048552269	350.87
458.87	519.4407681207597	383.03
365.4	457.1463810022562	364.1
607.17	650.0358836801399	587.1622222222221
637.63	654.9133895633845	712.4899999999999
639.57	701.1864905510645	774.9378571428572
482.63	550.7028991811487	475.9037500000001
667.5	674.2336732175493	631.434193548387
569.7	608.7265768743459	632.1
406.4	412.6389596128658	244.68083333333337
530.4	545.0999199919643	523.885
701.57	743.2326508814213	774.9378571428572
643.77	676.2383094182769	631.434193548387
233.5	398.2958712381043	94.6
690.47	709.2085979302346	670.7333333333332
732.6	706.0199354641602	774.9378571428572
538.83	576.2002908857119	446.9155555555556
691.13	719.1578383318297	631.434193548387
493.7	564.5909093346943	475.9037500000001
608.73	662.1493545443784	631.434193548387
634.1	700.071718818587	631.434193548387
691.6	728.9477453113466	774.9378571428572
370.28	374.0905304757704	94.6
266.27	411.4006082154944	94.6
322.6	432.4914810036807	421.67
89.6	267.7956350639616	149.68777777777777
540.83	611.1135865110396	712.4899999999999
543.17	581.2466776212061	446.9155555555556
657.23	649.2126567193984	631.434193548387
638.03	672.3192091966246	631.434193548387
366.1	406.7024193954333	244.68083333333337
355.03	473.667130986819	421.67
705.53	678.3318704291987	739.3
198.67	282.194315289859	206.90083333333328
233.13	323.36903745577536	206.90083333333328
626.3	647.8144327392865	632.1
49.63	269.5782551267463	191.8
289.43	374.1477097219657	244.68083333333337
331.43	402.12449042717	244.68083333333337
535.8	600.8377998735734	487.62600000000003
625.6	677.0893752628917	631.434193548387
255.97	300.29770484187065	323.53
117.77	164.6419067474729	193.025
77.13	80.67467266074374	115.06428571428572
240.9	308.7632774886628	350.87
201.57	279.64276261459077	206.90083333333328
299.4	344.69087410073513	244.68083333333337
231.4	273.19112374160346	206.90083333333328
181.07	255.76127373566402	206.90083333333328
553.03	204.7298033020673	510.72499999999997
803.7	481.29963951107527	712.4899999999999
863.3	601.9609618841823	774.9378571428572
333.6	38.56534759902655	136.53833333333333
324.6	-46.665553252723214	70.97
822.47	599.7940497732063	739.3
523.4	252.68725558950354	94.6
795.7	555.9435391479826	712.4899999999999
723.47	400.59941605601347	622.97
417.9	173.72490922548945	94.6
871.93	612.5310649627281	774.9378571428572
380.7	107.31975634342751	127.42999999999999
779.34	439.4786657425676	712.4899999999999
797.93	498.349722048306	737.1666666666666
587.73	254.33519492309864	510.72499999999997
882.57	644.6518675064964	774.9378571428572
829.13	538.4601475434786	774.9378571428572
788.63	457.9810707039908	712.4899999999999
427.5	124.8275633078461	94.6
895.33	674.5970577473422	774.9378571428572
874.4	614.8947919729228	774.9378571428572
881.87	624.2855617197761	774.9378571428572
498.97	241.72997838677594	472.5
884.87	619.6382849441254	774.9378571428572
872.1	633.4712798561695	774.9378571428572
897.13	651.3087129251959	774.9378571428572
825.17	508.38914346156844	737.1666666666666
591.97	284.90586438566174	510.72499999999997
540.0	377.58329886250306	475.9037500000001
547.47	159.01076304200177	472.5
888.23	653.7847062179715	774.9378571428572
825.87	595.7828024729829	739.3
853.63	555.999664233688	774.9378571428572
871.17	592.3782081873651	774.9378571428572
691.13	364.43387356010686	622.97
891.53	640.9851529362209	774.9378571428572
890.6	614.6997273402953	774.9378571428572
63.17	75.29081884449755	149.68777777777777
50.23	30.70726251017021	115.06428571428572
63.63	50.47573418299811	115.06428571428572
59.07	99.86610792759501	149.68777777777777
33.37	102.57240757237179	149.68777777777777
22.33	117.98091878299596	149.68777777777777
2.8	51.35005058091252	45.3
