决策树
0.5197209665678868	1884202.7042066085	666.3524632538814	1372.662633062694	
0.7349278165961532	1214169001.7829847	20595.521062335112	34844.92792047337	
0.5999730278205678	7084674848.929089	43042.24714544707	84170.51056592855	
0.5749357189016355	1249783942.0197685	22726.477437216534	35352.28340602299	
0.9926969293563888	1666.6213269400396	20.065073749686512	40.82427374663314	
0.928837147095781	26380.368807009196	75.94410999571392	162.42034603770918	
线性回归
0.31298219376164804	2695268.205030586	1083.8077680699841	1641.727201769705	
0.490490118096671	2333821288.8472924	34073.48794620675	48309.63970935089	
0.49618630348199877	8922788893.010048	49538.82130883221	94460.51499441471	
0.308790384228794	2032310680.4652925	30613.863827942358	45081.15660079378	
0.9629406662044618	8457.247516819023	50.04891986040861	91.9632943995539	
0.9593109422184934	15083.60481458738	68.67232496078208	122.8153280929843	
SVR(rbf)
0.008812854189927277	3888567.6252910006	941.3281027789022	1971.9451374952096	
-0.017785339235640185	4661988268.630832	45708.10656727994	68278.75415259736	
-0.09323341864446921	19361702694.40013	88508.49299485568	139146.33554068225	
-0.010049224487138186	2969770356.0309906	41853.22925957152	54495.599418953	
0.07429363621047391	211253.8743857591	226.99602184484684	459.62362252799744	
0.07132965562677207	344262.00166077854	298.7958649726064	586.7384439942372	
随机深林
0.15752585983662315	3305145.4313471457	709.4090547786868	1818.005894200331	
0.8351163406953301	755253250.1053503	13836.488724578521	27481.87129919195	
0.6347523801465306	6468715376.638134	33633.37640886947	80428.3244674296	
0.7071836507593665	860945479.3429463	16112.363941065687	29341.872458023983	
0.9884935507510707	2625.8672072951977	20.684099255709093	51.243216207564465	
0.9262454880283024	27341.107721090255	72.65327983084298	165.35146724807208	
GBDT
0.6112008827261478	1525314.0303158453	545.6370696349115	1235.0360441363018	
0.8636747750347348	624440709.6528057	12057.983291382989	24988.811689490274	
0.7148279683147398	5050537241.254681	28988.98332011151	71067.13193350834	
0.7525921877831249	727434236.6286459	15018.256389572796	26970.988795901532	
0.9971385307916893	653.0110198406526	12.03054930843134	25.554080297296018	
0.9386972770031397	22725.17718911217	61.713827454063875	150.74872201485547	
