4.349	
3.444	
3.444	
3.444	
3.186	
3.207	
3.207	
3.186	
3.186	
3.186	
3.186	
3.186	
3.186	
3.186	
4.349	
4.349	
4.349	
5.122	
4.396	
4.396	
3.914	
3.914	
3.444	
3.914	
5.122	
5.122	
5.182	
5.921	
4.396	
4.9	
5.122	
5.182	
5.122	
5.122	
4.9	
5.921	
5.921	
5.182	
5.921	
5.722	
3.914	
4.396	
8.677	
10.7	
6.2	
26.8	
18.7	
28.7	
29.5	
32.16	
29.25	
29.5	
17.84	
17.6	
12.96	
13.48	
13.48	
12.12	
4.396	
3.914	
3.914	
5.921	
5.921	
5.182	
5.122	
5.921	
5.122	
5.182	
4.9	
5.921	
4.658	
5.921	
5.921	
3.444	
15.15	
2.951	
3.733	
3.186	
3.207	
2.951	
3.186	
3.186	
3.186	
3.444	
3.444	
3.914	
3.914	
4.396	
3.914	
3.444	
3.444	
3.444	
3.186	
4.349	
4.349	
3.186	
3.186	
4.05	
3.186	
4.349	
4.396	
8.154	
5.921	
6.8	
4.97	
8.829	
8.65	
7.567	
7.692	
7.692	
10.7	
5.921	
4.396	
3.914	
4.9	
5.122	
4.396	
4.658	
4.9	
5.122	
5.182	
5.921	
13.48	
11.14	
15.01	
15.99	
11.14	
14.83	
17.84	
20.3	
22.99	
22.99	
22.99	
8.829	
6.844	
5.122	
4.683	
3.7	
3.914	
3.444	
3.186	
3.733	
3.444	
3.444	
4.84	
5.033	
4.396	
3.914	
3.914	
4.396	
4.3	
4.396	
3.7	
4.396	
3.914	
3.914	
5.033	
5.921	
5.722	
3.914	
3.914	
3.444	
3.914	
3.914	
4.396	
5.652	
9.596	
10.9	
13.92	
17.6	
17.84	
20.32	
17.84	
10.7	
7.692	
6.844	
5.921	
5.033	
4.658	
5.033	
4.396	
4.396	
6.1	
4.396	
4.396	
3.444	
3.914	
3.444	
3.444	
3.444	
4.349	
4.349	
4.05	
3.186	
3.186	
3.186	
4.349	
2.951	
2.951	
2.951	
2.951	
2.951	
2.951	
2.951	
2.951	
3.186	
2.951	
2.951	
2.951	
2.951	
2.951	
2.951	
2.951	
2.951	
2.951	
4.349	
3.186	
3.186	
3.186	
4.349	
3.444	
3.444	
2.951	
4.349	
3.444	
3.444	
3.444	
3.444	
3.7	
5.722	
6.844	
7.311	
8.475	
10.9	
13.92	
15.73	
10.7	
8.154	
8.829	
7.692	
7.311	
6.844	
6.844	
6.844	
7.945	
8.154	
5.921	
4.396	
5.921	
5.4	
13.48	
15.58	
11.58	
13.92	
13.92	
18.9	
22.99	
17.84	
15.99	
10.7	
7.2	
8.677	
9.596	
10.51	
11.58	
8.829	
7.945	
7.311	
7.311	
7.311	
8.65	
17.84	
17.84	
15.99	
22.99	
26.8	
26.8	
17.84	
22.99	
22.99	
22.99	
22.99	
17.65	
20.32	
22.37	
17.84	
12.96	
8.829	
6.844	
5.921	
8.154	
7.692	
9.596	
6.6	
8.829	
10.51	
13.92	
13.92	
8.6	
8.154	
8.154	
8.7	
4.9	
4.396	
4.683	
3.444	
3.444	
4.349	
3.186	
3.186	
3.444	
4.349	
3.444	
3.444	
3.444	
3.914	
3.914	
3.914	
3.914	
3.444	
3.914	
3.914	
3.914	
3.444	
3.444	
4.396	
3.444	
3.207	
2.951	
3.186	
4.05	
3.444	
4.349	
3.444	
3.444	
3.444	
3.444	
3.444	
3.914	
5.182	
5.182	
6.382	
6.844	
4.396	
4.658	
5.921	
7.311	
5.921	
10.7	
7.692	
7.692	
4.396	
3.444	
9.596	
9.596	
8.829	
8.154	
3.444	
3.914	
3.914	
5.122	
5.921	
5.652	
3.444	
3.444	
3.444	
3.444	
3.444	
3.444	
3.444	
3.444	
3.444	
3.444	
3.444	
3.444	
3.444	
3.914	
3.444	
3.444	
3.444	
3.444	
3.444	
3.914	
3.914	
3.914	
3.914	
3.914	
3.914	
4.97	
5.122	
5.122	
3.986	
5.182	
4.396	
3.914	
3.444	
3.444	
3.444	
3.444	
5.122	
5.921	
3.914	
3.914	
3.444	
3.914	
3.914	
3.914	
3.914	
3.914	
3.914	
3.914	
3.914	
3.914	
3.914	
3.444	
3.444	
3.444	
3.444	
3.444	
3.444	
5.921	
5.921	
5.921	
4.396	
2.951	
2.951	
3.444	
2.951	
2.951	
2.951	
2.951	
2.951	
2.951	
4.349	
3.914	
3.7	
3.914	
3.914	
3.444	
3.444	
4.349	
3.444	
3.444	
3.444	
3.444	
3.914	
3.444	
3.444	
3.444	
3.444	
3.914	
3.914	
4.396	
4.396	
4.396	
4.396	
4.396	
4.396	
3.914	
3.914	
3.914	
3.914	
3.914	
3.914	
3.914	
3.914	
4.396	
4.396	
4.396	
4.396	
4.396	
4.396	
3.7	
4.396	
4.396	
4.396	
3.914	
4.84	
4.84	
5.122	
4.396	
4.396	
4.396	
4.396	
3.914	
3.914	
3.914	
3.914	
4.396	
4.396	
5.122	
5.182	
5.722	
4.97	
4.3	
4.658	
4.396	
4.396	
4.396	
4.396	
4.396	
4.683	
5.033	
4.396	
4.396	
3.914	
3.914	
3.914	
3.914	
3.914	
3.914	
5.033	
5.122	
5.122	
5.033	
5.033	
3.925	
4.396	
4.396	
4.396	
4.396	
4.396	
4.396	
4.396	
4.396	
5.122	
5.122	
4.396	
4.396	
3.914	
3.914	
4.396	
4.396	
5.122	
5.122	
4.9	
5.033	
4.3	
5.033	
5.033	
4.9	
5.722	
5.921	
5.722	
4.9	
5.122	
5.122	
5.122	
4.683	
4.84	
5.122	
4.9	
5.122	
5.122	
5.122	
5.182	
5.182	
5.722	
4.97	
5.921	
5.921	
5.921	
5.921	
5.921	
6.844	
6.844	
5.652	
5.652	
5.921	
6.844	
6.844	
5.921	
5.921	
5.921	
5.921	
5.652	
7.311	
7.692	
7.692	
8.0	
5.921	
5.182	
4.396	
3.914	
3.914	
3.914	
3.7	
4.396	
4.396	
4.396	
4.396	
4.396	
4.396	
3.914	
3.186	
4.349	
4.349	
3.444	
3.444	
3.444	
4.349	
3.444	
3.444	
4.349	
3.444	
4.349	
3.444	
3.914	
5.182	
5.921	
5.122	
3.914	
3.444	
4.396	
4.396	
3.914	
3.914	
3.914	
3.444	
3.444	
3.444	
3.186	
4.349	
3.186	
3.186	
4.349	
3.186	
2.951	
2.951	
2.951	
5.122	
13.92	
11.48	
5.652	
8.829	
8.2	
9.596	
9.596	
5.921	
4.396	
3.914	
4.396	
6.844	
13.92	
20.32	
26.8	
22.99	
17.84	
11.48	
9.48	
9.596	
10.7	
10.7	
9.65	
6.533	
5.921	
5.921	
5.652	
4.84	
3.914	
4.396	
3.914	
4.396	
3.444	
3.444	
3.444	
3.914	
4.396	
6.844	
10.51	
13.92	
22.37	
22.99	
24.39	
13.92	
8.864	
8.829	
10.51	
11.5	
15.58	
14.83	
13.92	
13.48	
12.49	
6.533	
5.921	
5.722	
5.722	
4.97	
6.5	
6.844	
5.652	
7.692	
9.65	
13.92	
9.596	
10.7	
13.48	
9.1	
9.48	
8.864	
3.914	
4.396	
3.914	
4.396	
4.396	
3.444	
4.349	
3.186	
3.444	
3.444	
3.207	
3.207	
3.186	
2.951	
2.951	
2.951	
2.951	
2.951	
2.951	
2.951	
2.951	
2.951	
2.951	
2.951	
2.951	
2.951	
4.05	
4.349	
3.186	
3.444	
3.444	
4.349	
4.349	
3.444	
3.914	
4.396	
5.921	
5.921	
4.396	
5.122	
5.122	
4.9	
4.683	
5.122	
5.921	
5.921	
4.658	
3.914	
3.925	
5.722	
4.396	
3.914	
4.396	
4.396	
4.396	
3.914	
3.914	
5.921	
11.14	
20.32	
13.92	
3.914	
4.396	
6.844	
6.533	
6.844	
5.4	
9.65	
7.692	
6.844	
5.921	
5.652	
6.844	
5.921	
4.9	
5.921	
5.921	
5.921	
6.844	
8.967	
8.829	
13.92	
17.84	
17.84	
26.8	
29.25	
32.16	
22.1	
30.7	
29.5	
29.5	
22.99	
17.84	
11.48	
9.596	
8.829	
9.596	
8.829	
3.556	
4.396	
3.914	
3.914	
3.914	
3.914	
4.396	
4.84	
5.722	
5.921	
5.182	
5.722	
5.921	
5.921	
5.921	
5.921	
5.921	
5.921	
6.382	
5.652	
6.844	
4.0	
5.4	
4.922	
5.921	
4.683	
4.396	
3.914	
3.914	
3.914	
4.396	
3.829	
5.182	
5.921	
5.921	
5.921	
5.921	
5.921	
8.967	
6.844	
5.921	
6.382	
6.844	
8.154	
11.14	
9.596	
10.7	
12.49	
9.48	
4.396	
3.914	
3.914	
3.914	
3.914	
3.914	
5.033	
5.921	
6.662	
8.154	
8.967	
7.956	
6.844	
6.382	
5.921	
6.844	
10.7	
9.48	
7.311	
7.311	
7.975	
6.844	
8.0	
6.533	
6.844	
13.92	
13.48	
8.829	
8.677	
9.48	
11.48	
10.7	
10.51	
9.596	
5.652	
9.596	
11.5	
13.92	
13.48	
10.7	
10.7	
10.7	
8.829	
8.829	
8.154	
6.6	
12.49	
13.48	
13.48	
10.7	
6.844	
5.921	
5.033	
3.444	
3.444	
3.444	
3.914	
4.396	
3.914	
3.914	
5.122	
3.925	
4.84	
7.692	
3.914	
3.914	
3.914	
3.914	
3.914	
3.914	
3.914	
3.914	
3.444	
3.444	
3.444	
3.444	
3.444	
3.914	
3.914	
3.914	
4.396	
4.396	
6.1	
3.914	
3.914	
3.914	
3.914	
3.914	
4.396	
3.914	
3.914	
3.914	
3.914	
3.914	
4.396	
3.914	
3.914	
4.396	
3.914	
5.033	
4.658	
5.033	
4.658	
5.122	
5.722	
5.182	
5.182	
5.921	
5.921	
5.921	
5.921	
5.182	
5.182	
5.182	
5.921	
5.921	
3.986	
4.9	
5.921	
5.921	
4.9	
5.921	
5.921	
5.182	
5.182	
5.921	
6.844	
9.596	
11.14	
13.92	
13.92	
17.84	
22.99	
13.92	
12.96	
10.51	
13.48	
11.48	
13.48	
13.48	
8.864	
10.7	
14.83	
10.7	
7.692	
8.154	
7.945	
5.921	
5.921	
5.921	
8.475	
10.51	
9.596	
12.96	
13.92	
13.48	
10.51	
8.829	
9.66	
8.154	
7.692	
6.382	
5.921	
5.921	
5.921	
5.921	
5.921	
5.182	
5.122	
4.658	
4.658	
3.925	
4.3	
5.122	
5.722	
5.182	
5.652	
6.844	
5.652	
7.311	
6.844	
5.652	
5.921	
5.921	
5.921	
5.921	
5.921	
5.652	
6.382	
6.844	
4.922	
7.692	
8.829	
8.829	
7.311	
7.692	
8.6	
10.7	
10.7	
11.14	
12.49	
5.921	
5.921	
10.51	
5.921	
5.033	
4.396	
3.914	
6.1	
8.829	
11.48	
10.51	
9.596	
7.956	
7.692	
7.311	
5.182	
5.122	
3.925	
4.9	
5.182	
5.122	
5.122	
4.658	
4.658	
4.396	
3.914	
3.444	
3.444	
3.444	
4.349	
3.186	
3.186	
3.186	
30.7	
4.396	
4.396	
3.914	
5.182	
5.182	
4.396	
3.186	
3.733	
2.951	
3.207	
3.186	
3.186	
4.349	
4.349	
4.349	
3.444	
3.444	
4.349	
4.349	
3.444	
3.444	
3.444	
3.444	
3.444	
3.444	
3.914	
3.914	
4.396	
5.921	
5.921	
5.921	
4.0	
9.596	
8.829	
9.596	
10.0	
8.154	
8.154	
12.49	
18.98	
13.48	
10.7	
8.154	
6.844	
4.396	
3.925	
4.97	
5.921	
5.182	
4.396	
4.396	
4.658	
3.925	
3.914	
3.914	
3.914	
3.556	
3.914	
3.914	
3.914	
4.396	
4.396	
3.914	
3.914	
3.914	
4.396	
4.396	
3.914	
3.914	
3.914	
3.914	
3.914	
3.914	
3.914	
4.658	
5.182	
4.683	
4.396	
4.396	
3.444	
3.186	
4.349	
3.444	
3.444	
3.444	
3.444	
4.349	
3.444	
4.349	
4.349	
4.05	
4.349	
3.444	
3.444	
3.444	
3.444	
3.444	
3.914	
3.444	
3.914	
4.683	
3.914	
3.444	
3.444	
3.444	
3.444	
3.444	
3.444	
3.444	
3.444	
3.914	
3.444	
3.444	
4.349	
3.186	
4.349	
3.444	
3.444	
3.444	
3.444	
5.033	
11.14	
7.311	
9.596	
5.122	
4.3	
4.396	
4.9	
4.9	
5.182	
4.84	
4.396	
4.396	
5.122	
5.182	
4.396	
3.914	
3.444	
3.444	
5.122	
4.396	
3.914	
3.914	
3.914	
4.396	
5.182	
5.652	
5.921	
5.182	
7.945	
13.48	
13.92	
13.92	
11.5	
15.73	
17.84	
17.84	
17.84	
13.92	
9.4	
13.48	
13.92	
8.864	
7.692	
6.844	
5.921	
3.986	
5.921	
5.921	
5.921	
7.692	
9.596	
13.48	
15.99	
15.73	
17.84	
15.73	
12.49	
8.864	
8.829	
8.829	
7.945	
7.692	
5.921	
5.182	
4.84	
4.396	
4.396	
3.914	
3.914	
3.914	
3.914	
4.396	
4.396	
3.914	
3.914	
3.444	
3.444	
3.444	
3.444	
3.444	
3.444	
3.914	
3.914	
3.914	
3.914	
3.914	
3.914	
3.444	
4.349	
4.349	
3.444	
3.444	
3.444	
3.444	
3.914	
3.444	
5.033	
3.986	
5.4	
9.596	
8.154	
6.844	
8.475	
9.596	
8.677	
9.596	
11.23	
11.14	
9.65	
7.945	
5.4	
5.921	
4.3	
4.396	
3.914	
3.914	
3.914	
3.914	
4.396	
4.658	
7.4	
7.692	
6.662	
8.154	
7.311	
6.844	
5.182	
5.921	
5.921	
8.154	
8.829	
7.692	
6.844	
5.921	
5.122	
3.925	
4.396	
4.396	
4.396	
3.914	
3.914	
3.914	
4.396	
4.9	
4.683	
5.722	
5.182	
5.921	
4.396	
5.921	
5.722	
5.033	
5.182	
4.396	
4.396	
3.914	
4.396	
5.033	
3.914	
3.444	
3.444	
3.444	
3.444	
3.444	
3.444	
3.444	
3.914	
4.3	
5.921	
5.182	
3.914	
4.9	
5.652	
6.844	
4.396	
3.914	
3.914	
3.914	
4.396	
5.122	
5.921	
8.154	
7.692	
5.921	
4.658	
3.914	
3.914	
3.914	
5.122	
6.662	
5.921	
5.921	
7.692	
5.921	
7.692	
6.844	
6.533	
5.921	
5.182	
5.122	
4.658	
5.033	
4.658	
4.84	
4.396	
4.396	
4.396	
4.396	
4.396	
4.396	
4.396	
4.396	
4.396	
4.396	
5.122	
5.182	
5.182	
5.182	
5.921	
5.921	
5.921	
5.921	
5.182	
5.182	
4.9	
5.722	
4.97	
5.182	
5.182	
5.182	
5.722	
5.033	
4.396	
4.396	
4.396	
4.396	
5.033	
5.122	
4.9	
4.425	
5.722	
5.722	
4.425	
5.722	
4.97	
5.182	
5.722	
5.122	
4.683	
5.033	
3.829	
4.9	
5.033	
4.683	
5.033	
4.658	
4.658	
4.84	
5.122	
5.033	
5.033	
4.683	
5.722	
5.652	
8.0	
7.692	
6.844	
7.975	
5.921	
4.97	
5.722	
5.182	
5.722	
4.9	
4.97	
5.182	
5.921	
5.921	
5.182	
4.396	
3.914	
3.444	
3.444	
3.186	
3.444	
3.444	
3.444	
3.914	
3.914	
3.7	
4.396	
4.396	
4.396	
3.914	
3.914	
3.914	
3.914	
4.396	
4.396	
4.396	
4.396	
3.914	
3.914	
3.914	
3.444	
3.444	
3.186	
2.951	
4.05	
3.186	
3.444	
3.444	
3.914	
4.396	
4.396	
4.3	
5.033	
3.829	
4.9	
5.722	
5.921	
6.844	
7.692	
7.692	
7.692	
3.914	
3.444	
3.444	
3.186	
2.951	
2.951	
2.951	
2.951	
15.15	
3.444	
3.444	
3.914	
3.914	
3.914	
3.914	
3.914	
3.914	
3.914	
3.914	
3.914	
3.914	
4.396	
3.914	
3.914	
3.914	
3.444	
3.444	
4.349	
15.15	
2.951	
2.951	
2.951	
2.951	
3.186	
3.444	
3.444	
3.914	
3.914	
3.914	
3.914	
3.914	
3.914	
3.914	
3.914	
3.914	
3.914	
3.914	
4.396	
3.914	
3.444	
3.186	
2.951	
2.951	
2.951	
2.951	
2.951	
2.951	
3.186	
3.444	
3.444	
3.914	
3.914	
3.914	
3.914	
4.658	
4.9	
4.396	
4.396	
3.914	
3.914	
3.914	
3.914	
3.914	
4.396	
3.7	
3.914	
3.914	
3.444	
3.444	
3.444	
3.914	
3.914	
3.914	
3.914	
4.396	
4.658	
5.921	
9.596	
8.65	
10.7	
9.596	
9.596	
7.956	
8.2	
8.475	
10.7	
7.945	
3.914	
3.444	
3.914	
4.97	
5.921	
7.692	
8.829	
5.921	
3.444	
3.444	
3.914	
3.914	
10.7	
8.829	
8.154	
4.396	
4.396	
5.122	
4.396	
6.1	
3.914	
4.396	
5.122	
5.722	
4.658	
3.914	
3.444	
3.444	
3.444	
4.349	
2.951	
2.951	
3.444	
3.914	
4.396	
8.864	
7.311	
4.97	
3.914	
4.396	
4.396	
4.396	
4.9	
4.396	
3.556	
3.914	
3.914	
3.914	
3.914	
3.914	
4.396	
3.914	
3.914	
3.914	
3.914	
3.914	
3.444	
3.914	
3.914	
3.444	
3.914	
3.444	
3.444	
4.349	
3.444	
3.914	
3.444	
3.444	
3.444	
3.914	
3.925	
3.914	
3.444	
3.444	
3.444	
3.444	
3.444	
3.186	
2.951	
4.349	
3.444	
3.444	
3.914	
4.396	
4.396	
4.3	
4.658	
5.033	
4.396	
4.396	
4.396	
4.396	
3.914	
3.914	
3.914	
3.444	
3.444	
3.444	
3.444	
3.914	
3.444	
3.444	
3.444	
3.444	
3.444	
3.914	
10.7	
3.444	
3.444	
3.914	
5.182	
6.1	
3.444	
7.311	
5.033	
3.914	
3.914	
3.914	
4.396	
3.914	
3.444	
3.444	
3.444	
3.444	
4.349	
3.186	
2.951	
3.444	
3.444	
3.914	
3.914	
3.914	
3.914	
3.914	
3.829	
6.382	
8.154	
7.692	
6.844	
6.844	
6.844	
5.652	
5.033	
3.444	
3.444	
3.444	
3.444	
4.349	
2.951	
2.951	
2.951	
4.05	
3.444	
3.444	
4.396	
5.122	
5.122	
4.396	
3.914	
4.396	
3.914	
3.914	
3.914	
3.914	
4.396	
3.914	
3.444	
3.444	
3.444	
4.349	
3.186	
2.951	
2.951	
2.951	
2.951	
2.951	
15.15	
3.444	
4.396	
6.382	
10.7	
9.596	
8.677	
6.844	
5.921	
5.921	
3.986	
4.396	
3.914	
3.914	
3.914	
3.914	
3.914	
3.914	
3.914	
3.914	
3.444	
3.444	
3.444	
3.444	
3.914	
3.914	
3.914	
3.914	
3.914	
3.444	
3.444	
3.444	
3.444	
3.914	
4.396	
4.396	
3.914	
4.396	
3.914	
3.444	
4.349	
4.349	
3.444	
3.444	
3.444	
5.182	
6.844	
3.914	
3.444	
4.396	
3.914	
3.444	
3.444	
2.951	
2.951	
2.951	
2.951	
2.951	
2.951	
2.951	
2.951	
2.951	
3.186	
3.444	
3.444	
3.444	
4.349	
3.444	
3.444	
3.914	
3.914	
4.396	
4.9	
5.921	
7.311	
7.311	
5.652	
5.122	
4.396	
5.122	
5.122	
4.658	
4.396	
3.914	
3.444	
3.444	
3.444	
3.444	
3.444	
3.444	
3.444	
3.444	
3.444	
3.444	
3.444	
3.186	
3.186	
15.15	
2.951	
4.349	
2.951	
2.951	
2.951	
2.951	
2.951	
2.951	
2.951	
2.951	
2.951	
2.951	
2.951	
2.951	
3.186	
3.444	
3.914	
3.914	
3.914	
3.914	
3.914	
4.396	
5.921	
5.921	
5.652	
4.9	
4.396	
3.914	
3.444	
3.444	
3.444	
3.186	
3.186	
15.15	
2.951	
2.951	
3.444	
3.444	
3.444	
3.444	
3.914	
3.914	
4.396	
3.914	
3.914	
3.444	
3.444	
4.349	
2.951	
2.951	
2.951	
2.951	
2.951	
2.951	
2.738	
2.738	
2.951	
2.951	
2.951	
2.951	
2.951	
2.951	
2.951	
2.951	
2.951	
2.951	
2.951	
2.951	
3.186	
3.444	
3.914	
3.186	
3.186	
3.186	
4.349	
3.914	
4.9	
5.122	
3.914	
3.444	
3.444	
4.349	
3.186	
3.444	
5.033	
4.396	
2.951	
2.951	
2.951	
2.951	
2.951	
2.951	
2.951	
2.951	
2.951	
2.951	
2.951	
2.951	
2.951	
2.951	
2.951	
2.951	
2.951	
2.951	
2.951	
4.349	
3.444	
3.444	
3.444	
3.444	
3.444	
3.444	
3.444	
3.444	
3.444	
3.444	
3.444	
3.444	
3.444	
3.444	
3.444	
3.186	
4.349	
3.186	
3.186	
3.186	
3.186	
3.186	
3.186	
3.186	
3.186	
3.186	
3.186	
2.951	
2.951	
2.951	
2.951	
2.951	
2.951	
2.951	
2.951	
2.951	
2.951	
2.951	
2.951	
2.951	
2.951	
2.951	
2.951	
2.951	
3.186	
2.951	
2.951	
2.951	
2.951	
2.951	
2.951	
2.951	
2.951	
2.951	
2.951	
3.444	
3.444	
3.444	
3.444	
3.444	
3.444	
3.444	
3.444	
3.444	
4.349	
3.186	
4.349	
3.186	
4.349	
3.444	
4.349	
3.186	
3.186	
3.186	
4.349	
4.349	
3.444	
4.349	
3.186	
3.444	
3.444	
3.444	
3.914	
5.722	
5.921	
8.0	
5.182	
4.396	
5.033	
4.3	
5.122	
4.396	
4.396	
4.658	
6.1	
3.914	
3.444	
3.914	
3.914	
3.914	
3.914	
3.914	
3.914	
3.444	
3.914	
4.396	
4.9	
3.829	
3.914	
3.914	
3.914	
5.033	
5.122	
4.396	
3.914	
3.914	
3.914	
3.914	
3.444	
3.444	
3.444	
3.444	
3.444	
3.444	
3.914	
3.914	
3.914	
3.914	
3.925	
3.914	
4.396	
8.2	
10.7	
10.7	
10.51	
9.4	
12.96	
13.92	
13.92	
13.92	
15.99	
13.48	
9.596	
4.396	
4.349	
3.444	
3.444	
3.444	
3.444	
3.444	
3.444	
4.349	
3.444	
3.444	
3.444	
3.444	
3.186	
4.349	
15.15	
2.951	
2.951	
2.951	
2.951	
2.951	
2.951	
2.951	
2.951	
2.951	
3.207	
3.186	
3.444	
3.444	
4.349	
3.186	
4.05	
4.349	
3.444	
3.444	
3.444	
3.7	
4.658	
3.986	
5.921	
5.921	
5.921	
5.921	
5.921	
5.921	
4.658	
3.914	
3.444	
3.444	
3.444	
3.186	
2.951	
2.951	
2.951	
2.951	
2.951	
2.951	
2.951	
4.349	
3.914	
3.914	
3.444	
3.444	
3.444	
3.444	
3.444	
4.349	
3.186	
4.349	
3.444	
3.444	
3.444	
3.444	
3.444	
4.349	
3.444	
3.444	
4.349	
3.186	
2.951	
2.951	
2.951	
2.951	
2.951	
15.15	
2.951	
3.186	
15.15	
4.05	
2.951	
2.951	
2.951	
2.951	
2.951	
2.951	
3.186	
3.186	
4.349	
4.349	
3.444	
3.444	
3.444	
3.207	
2.951	
3.186	
3.444	
3.444	
3.914	
3.914	
4.396	
4.396	
4.683	
5.921	
6.844	
5.122	
5.122	
5.033	
5.122	
3.444	
3.444	
3.444	
3.914	
3.444	
3.444	
3.444	
3.444	
3.444	
3.444	
3.444	
3.444	
3.914	
5.033	
5.921	
5.122	
4.396	
3.925	
5.122	
5.921	
5.921	
8.0	
7.311	
7.692	
6.844	
5.182	
6.1	
3.444	
3.444	
3.444	
3.186	
3.186	
4.349	
3.444	
3.914	
4.396	
5.122	
5.921	
6.844	
7.692	
7.311	
8.154	
8.677	
5.921	
4.396	
4.396	
3.914	
3.444	
3.444	
4.349	
3.186	
4.349	
3.444	
3.444	
3.444	
3.444	
3.444	
3.444	
4.349	
3.444	
3.444	
3.914	
3.914	
3.444	
3.444	
3.444	
3.914	
3.914	
4.396	
4.396	
4.658	
5.033	
5.722	
5.921	
3.914	
3.444	
3.444	
3.914	
3.914	
3.444	
4.349	
3.186	
15.15	
4.349	
3.444	
3.914	
4.396	
4.658	
4.658	
4.9	
5.921	
5.921	
4.97	
5.722	
4.9	
4.9	
5.122	
5.122	
4.396	
3.914	
3.914	
3.444	
3.444	
4.05	
2.951	
2.951	
2.951	
3.186	
3.444	
3.914	
3.914	
4.396	
4.396	
4.396	
4.658	
4.396	
4.658	
4.84	
4.9	
5.722	
4.9	
4.396	
3.914	
3.444	
3.444	
3.444	
3.186	
2.951	
2.951	
2.951	
4.349	
3.914	
4.396	
5.122	
5.182	
5.921	
5.182	
5.182	
5.122	
5.122	
5.033	
5.122	
5.122	
4.3	
4.84	
4.396	
4.396	
3.914	
3.914	
3.444	
3.914	
3.444	
3.444	
3.914	
3.914	
4.396	
4.683	
4.9	
5.182	
5.921	
5.921	
5.921	
5.921	
5.921	
5.921	
5.921	
5.921	
5.921	
5.182	
4.396	
3.914	
3.914	
3.914	
3.444	
4.349	
2.951	
2.951	
2.951	
2.951	
3.444	
3.444	
6.1	
3.914	
4.396	
4.396	
5.722	
5.722	
5.182	
5.182	
5.182	
5.182	
5.182	
5.122	
4.396	
3.914	
3.444	
3.186	
2.951	
2.951	
2.951	
2.951	
2.951	
3.186	
3.444	
3.444	
3.914	
3.914	
4.658	
5.921	
5.921	
5.921	
5.921	
5.921	
5.921	
5.921	
5.921	
5.722	
4.396	
3.914	
3.444	
4.349	
4.05	
2.951	
2.951	
2.951	
2.951	
3.186	
3.444	
3.914	
4.658	
5.182	
5.921	
5.921	
5.921	
5.921	
5.182	
4.97	
5.122	
4.9	
5.122	
5.033	
4.396	
4.396	
3.914	
3.914	
3.914	
3.444	
3.444	
3.186	
15.15	
4.349	
3.444	
3.914	
4.396	
5.122	
5.722	
5.182	
5.182	
5.722	
4.425	
4.9	
5.722	
5.182	
5.182	
4.683	
4.396	
3.914	
3.914	
3.914	
3.444	
3.444	
3.186	
3.186	
3.186	
3.444	
3.444	
3.914	
4.396	
4.658	
4.84	
5.122	
5.122	
5.122	
5.122	
5.122	
5.033	
5.033	
4.658	
4.396	
3.556	
3.914	
3.914	
3.914	
3.444	
4.349	
2.951	
2.951	
2.951	
2.951	
3.186	
3.444	
3.914	
4.396	
4.396	
3.829	
5.122	
5.122	
4.84	
5.122	
5.122	
4.84	
4.658	
4.396	
3.914	
3.914	
3.444	
3.444	
4.349	
3.207	
2.951	
2.951	
2.951	
2.951	
4.349	
3.444	
3.914	
4.396	
5.122	
4.9	
4.3	
4.658	
5.122	
3.829	
5.033	
4.396	
4.396	
4.396	
3.914	
3.914	
3.444	
4.349	
2.951	
2.951	
2.951	
2.951	
2.951	
2.951	
2.951	
3.186	
3.444	
3.914	
3.914	
4.396	
4.84	
4.658	
4.9	
4.9	
4.97	
5.122	
4.84	
4.396	
3.914	
3.914	
3.444	
3.444	
3.186	
2.951	
2.951	
2.951	
2.951	
2.951	
3.186	
3.444	
3.914	
4.396	
4.683	
5.122	
5.122	
5.122	
5.122	
4.84	
3.829	
5.033	
4.658	
4.396	
3.914	
3.914	
3.914	
3.444	
3.444	
3.444	
3.186	
2.951	
2.951	
2.951	
3.733	
4.349	
3.444	
3.914	
4.396	
4.396	
4.396	
4.396	
4.658	
4.658	
4.658	
4.396	
4.396	
3.914	
3.914	
3.444	
3.186	
2.951	
2.951	
2.951	
2.951	
2.951	
2.951	
2.951	
2.951	
2.951	
3.186	
3.914	
4.396	
4.396	
5.033	
4.683	
4.396	
4.3	
5.122	
5.122	
4.396	
4.396	
3.444	
3.186	
2.951	
2.951	
2.951	
2.951	
2.951	
2.951	
2.951	
2.951	
2.951	
2.951	
2.951	
15.15	
15.15	
3.186	
15.15	
3.186	
2.951	
2.951	
2.951	
2.951	
2.951	
2.951	
2.951	
2.951	
2.951	
3.186	
3.186	
3.733	
15.15	
2.951	
2.951	
2.951	
2.951	
4.05	
4.05	
15.15	
3.207	
3.207	
2.951	
2.951	
2.951	
2.951	
2.951	
2.951	
2.951	
2.951	
3.186	
3.186	
3.186	
3.186	
3.186	
3.186	
3.186	
3.186	
3.186	
3.186	
3.186	
3.186	
3.186	
3.186	
3.186	
3.186	
3.186	
3.186	
3.186	
3.186	
3.186	
3.186	
3.186	
3.186	
3.444	
3.444	
3.914	
3.444	
3.444	
3.444	
3.444	
3.186	
4.05	
4.349	
3.444	
3.914	
3.914	
3.444	
4.396	
5.921	
4.396	
4.84	
5.921	
4.658	
3.914	
4.396	
3.444	
3.186	
2.951	
4.349	
3.444	
3.444	
3.444	
3.444	
3.444	
3.444	
3.186	
3.186	
3.444	
3.444	
15.15	
3.186	
4.349	
4.349	
4.349	
4.349	
3.186	
2.951	
2.951	
2.951	
2.951	
3.186	
3.186	
3.444	
3.444	
3.444	
3.186	
3.186	
3.444	
3.444	
3.444	
3.914	
3.914	
3.444	
3.914	
3.914	
3.914	
3.914	
3.444	
3.444	
4.349	
3.186	
15.15	
15.15	
3.186	
3.444	
3.444	
4.349	
3.186	
2.951	
2.951	
2.951	
4.349	
4.349	
3.444	
4.349	
3.444	
3.914	
3.444	
3.186	
2.951	
2.951	
2.951	
2.951	
2.951	
2.951	
2.951	
2.951	
2.951	
3.186	
4.349	
3.444	
3.444	
3.444	
3.444	
3.444	
3.444	
3.444	
3.444	
3.186	
3.186	
3.444	
4.658	
4.349	
15.15	
4.349	
4.05	
3.207	
15.15	
3.186	
3.186	
3.186	
15.15	
4.349	
4.349	
3.444	
3.444	
3.444	
3.444	
3.444	
3.444	
4.349	
3.444	
3.444	
3.444	
3.444	
3.444	
3.444	
3.444	
3.444	
4.349	
3.444	
3.444	
3.444	
3.444	
4.349	
3.444	
3.444	
3.444	
3.444	
3.444	
3.186	
2.951	
2.951	
2.951	
3.186	
3.444	
3.914	
3.444	
3.186	
3.444	
3.914	
3.444	
3.444	
3.444	
3.444	
3.914	
3.914	
3.914	
3.444	
3.444	
3.444	
3.444	
3.444	
3.444	
3.444	
2.951	
2.951	
2.951	
3.733	
3.444	
3.444	
3.444	
3.914	
4.396	
3.7	
3.914	
3.914	
3.914	
3.444	
3.914	
3.444	
3.444	
3.444	
3.444	
3.444	
3.444	
3.444	
3.444	
4.349	
3.733	
3.444	
3.444	
3.444	
3.914	
3.914	
5.122	
5.921	
3.914	
3.914	
3.444	
3.444	
4.349	
4.349	
3.444	
4.349	
3.186	
3.186	
4.349	
3.444	
3.444	
4.349	
4.349	
3.186	
4.349	
4.349	
3.914	
4.658	
3.914	
4.349	
4.658	
8.154	
3.914	
3.444	
4.349	
3.444	
3.914	
3.444	
3.444	
4.349	
3.444	
4.349	
4.349	
4.349	
3.444	
3.444	
3.186	
2.951	
2.951	
2.951	
2.951	
4.349	
3.444	
4.396	
5.033	
3.914	
3.444	
3.444	
3.914	
3.914	
3.914	
3.444	
3.186	
3.186	
4.349	
3.444	
3.444	
3.444	
3.444	
3.444	
3.444	
3.444	
3.444	
3.444	
3.444	
3.444	
3.444	
3.444	
3.444	
3.444	
3.914	
4.396	
3.914	
4.396	
5.122	
8.154	
5.921	
5.122	
5.033	
4.396	
3.914	
3.914	
4.396	
4.396	
4.396	
4.396	
3.914	
3.914	
3.914	
3.925	
5.182	
5.921	
8.0	
7.692	
5.122	
4.396	
4.396	
3.914	
3.914	
3.914	
4.349	
3.186	
4.349	
3.444	
3.444	
3.444	
4.349	
3.733	
2.951	
2.951	
2.951	
3.186	
3.444	
3.914	
3.914	
3.914	
3.914	
3.444	
3.444	
4.349	
4.349	
3.444	
3.444	
3.444	
3.444	
3.444	
3.444	
3.444	
3.444	
3.444	
4.349	
15.15	
15.15	
3.733	
2.951	
3.186	
3.444	
3.444	
3.914	
3.914	
3.914	
3.914	
3.914	
3.914	
3.914	
3.914	
3.914	
3.444	
3.444	
3.914	
3.914	
3.914	
3.444	
3.444	
4.349	
2.951	
2.951	
2.951	
2.951	
2.951	
3.444	
3.444	
3.444	
3.444	
3.914	
3.914	
3.444	
3.914	
3.444	
3.444	
3.444	
3.444	
3.444	
3.444	
3.444	
3.444	
4.349	
2.951	
2.951	
2.951	
2.951	
2.951	
2.951	
2.951	
3.444	
3.444	
3.444	
3.914	
3.914	
3.914	
3.914	
3.444	
3.444	
3.444	
3.444	
3.444	
3.914	
3.444	
3.444	
3.444	
3.444	
3.444	
3.186	
2.951	
2.951	
2.951	
2.951	
2.951	
3.186	
3.444	
3.444	
3.914	
3.914	
3.914	
3.914	
3.914	
3.914	
4.396	
3.914	
3.444	
3.444	
3.444	
3.444	
4.349	
3.186	
2.951	
2.951	
2.951	
2.951	
2.951	
2.951	
2.951	
4.349	
3.444	
3.914	
3.914	
3.914	
3.914	
3.914	
3.914	
3.914	
3.914	
3.914	
3.444	
3.444	
3.444	
3.444	
4.349	
3.733	
2.951	
2.951	
2.951	
2.951	
2.951	
2.951	
2.951	
2.951	
3.186	
3.444	
3.444	
3.914	
3.914	
3.914	
3.444	
3.444	
3.444	
3.914	
3.914	
3.914	
3.444	
3.444	
3.444	
4.349	
3.444	
3.444	
3.444	
3.444	
3.444	
3.444	
3.444	
3.444	
3.444	
3.444	
3.444	
3.444	
4.349	
3.444	
3.444	
3.444	
3.444	
3.444	
3.444	
3.444	
3.444	
3.444	
3.444	
3.444	
3.444	
3.186	
4.349	
3.444	
3.444	
3.444	
3.444	
3.444	
3.444	
3.914	
3.444	
3.444	
3.444	
3.444	
4.349	
3.186	
3.186	
3.186	
4.05	
3.733	
2.951	
4.349	
3.444	
3.444	
2.951	
3.444	
3.444	
4.05	
3.444	
3.444	
3.444	
3.444	
3.444	
3.444	
5.122	
7.692	
3.914	
4.396	
3.444	
3.444	
3.444	
3.444	
3.444	
4.349	
3.444	
3.444	
3.444	
3.444	
3.444	
3.444	
3.186	
2.951	
2.951	
2.951	
2.951	
3.444	
3.444	
3.914	
3.914	
3.444	
3.444	
3.444	
3.444	
3.444	
4.349	
3.444	
3.444	
3.444	
3.444	
3.444	
4.349	
3.186	
2.951	
2.951	
2.951	
2.951	
2.951	
2.951	
2.951	
2.951	
4.05	
3.444	
3.444	
3.444	
3.444	
3.444	
3.914	
3.914	
3.914	
3.914	
3.914	
3.444	
3.444	
4.349	
2.951	
2.951	
2.951	
2.951	
2.951	
2.951	
2.951	
2.951	
2.951	
2.951	
15.15	
3.186	
4.349	
3.444	
3.444	
3.444	
3.444	
3.444	
3.444	
3.444	
3.444	
3.444	
3.444	
3.186	
2.951	
2.951	
2.951	
2.738	
2.738	
2.738	
2.738	
2.951	
2.951	
2.951	
2.951	
2.951	
2.951	
2.951	
2.951	
2.951	
3.186	
3.444	
3.444	
3.444	
3.444	
3.444	
3.186	
2.951	
2.951	
2.738	
2.738	
2.738	
2.951	
2.951	
2.951	
2.951	
2.951	
2.951	
2.951	
2.951	
4.349	
3.444	
3.914	
3.444	
3.914	
3.914	
3.914	
5.182	
3.914	
3.444	
3.444	
3.444	
3.186	
2.951	
2.951	
2.951	
2.951	
2.951	
2.951	
2.951	
2.951	
3.186	
3.444	
3.444	
3.914	
3.914	
3.444	
3.444	
3.444	
3.444	
4.349	
3.444	
3.444	
3.444	
3.444	
3.444	
3.444	
3.444	
4.349	
15.15	
2.951	
2.951	
2.951	
2.951	
3.186	
3.444	
3.444	
3.444	
3.444	
3.444	
3.444	
4.349	
4.349	
4.349	
4.349	
4.349	
4.349	
4.349	
3.444	
3.444	
3.444	
3.444	
3.444	
4.349	
2.951	
2.951	
2.951	
2.951	
2.951	
3.186	
3.444	
3.444	
3.914	
3.444	
3.444	
3.444	
3.444	
3.444	
3.444	
3.444	
4.349	
4.349	
3.444	
3.444	
3.444	
3.444	
3.186	
2.951	
2.951	
2.951	
2.951	
2.951	
2.951	
4.349	
3.444	
3.444	
3.444	
3.444	
4.349	
