实际值	线性回归	决策树	SVR	随机深林	GBDT
921.32	957.5410192322479	930.01	959.3531384812823	935.381	929.5110028903549
999.04	989.6065302584434	995.114375	984.7477644478556	997.0330000000001	984.7458562905189
1007.88	1069.4101610076827	973.7775	1031.7427182862202	970.4625000000001	1012.5008489719819
1016.78	1126.852855583093	995.114375	1050.4696958824186	992.7555	1034.9760260160626
1027.44	1131.9121290298517	998.075	1016.4841706646487	1008.677	1015.9499379563856
1041.03	1092.1256021907611	1025.836923076923	1021.5358942046257	1017.5840000000001	1028.4427787129505
1029.95	1036.922199172772	998.075	1020.5987725902456	1010.244	1040.2716525233307
1019.71	1014.9837560731191	998.075	1004.6656055310343	1004.465	1011.6885740477503
999.88	979.1448887405933	973.7775	976.0540395014232	963.9739999999999	986.3322797248679
1004.8	985.7063475255196	941.59	986.844286067893	966.431	991.9468855348509
997.34	985.3301623851409	997.79	994.3138371346254	976.6899999999999	995.9961453207152
980.23	978.9561606707789	1004.27	983.9210409837801	974.506	977.4662250039432
947.59	952.5662459346836	988.24	964.5337051778374	965.1569999999999	933.9800179142377
951.53	950.7906211879892	988.24	959.4916588277629	960.925	955.2981397109186
957.99	953.4963296988266	988.24	954.0465743310508	957.424	955.5391198240094
970.24	938.4929662470349	908.48	955.0881665870561	951.118	966.2828923687925
958.02	947.7049685103708	988.24	954.3716365042732	950.516	941.685011785644
952.2	945.1489173894225	931.8582352941177	947.7744810864057	928.865	930.404251793725
966.05	946.3688947601349	951.6362962962962	948.2046783908528	943.134	971.3696508141613
989.16	950.8132875961427	951.6362962962962	954.1030619878887	961.994	969.0840551766169
976.82	950.462461719722	951.6362962962962	955.3076590998777	961.763	979.6405205385526
958.73	955.3833124281474	951.6362962962962	954.603682094742	945.018	971.2985153404442
951.86	948.9837168966601	951.6362962962962	950.93588212694	949.615	966.1416136771104
922.86	943.87799602285	933.6305	945.7042230626348	927.285	928.3836670172255
915.33	943.1680413178414	933.6305	943.1665405051449	914.2909999999999	930.6095523696431
919.28	943.3849279082392	931.8582352941177	942.0405557855114	921.963	931.275602598477
953.81	943.2040005099306	935.77	953.1675196282067	965.489	977.6484399967574
965.42	940.9816929719963	978.88	965.7942047925792	977.462	999.6643430798064
1036.56	977.6796536143959	1025.836923076923	994.6598271051414	1021.861	1027.9480380597354
1031.58	970.6011663313952	1025.836923076923	1001.9944619957968	1012.663	1026.9278949127308
1027.35	996.1801709945084	1025.836923076923	1005.1627622542306	1016.269	1030.1316596820202
1012.39	1018.2873536070924	995.114375	1004.6934993665759	1000.969	1016.212559842483
1019.44	1031.4692350046362	995.114375	1003.4183738219501	999.726	1021.0894799804083
1014.98	982.3258822379502	998.075	992.2752277406634	1003.399	1016.5754960577044
991.99	980.5165637515531	973.7775	978.3613503655672	968.673	969.8264101139828
965.36	966.0738261342956	962.17	958.247249460334	955.24	959.9444065125494
961.3	967.7131374691096	962.17	964.5262110027235	955.336	962.3498241709442
957.44	975.0268291098666	957.7828571428572	970.1065409981777	952.7886666666667	972.0686790757351
983.66	998.6238444005776	973.7775	980.8580107126857	964.3945	972.3749018165976
980.8	1006.677412716344	973.7775	991.4458307141847	959.6646666666667	980.6852211941132
990.07	1011.7472930955809	973.7775	997.4862618422744	975.6045	988.8406777559745
996.39	977.167600700733	1021.34	993.4226532440181	968.491	1002.7187915299544
987.82	987.4304083700408	1021.34	993.2382397524541	970.891	992.4480979469932
952.79	976.7682053882039	1004.27	968.9101956735967	968.638	991.8758423867339
947.04	967.04004391064	976.125	959.7365431458271	956.173	980.646968319905
908.72	951.1880639121406	908.48	948.16023386856	942.443	949.5949776190698
914.82	944.8652719306344	976.125	952.4020001161095	934.13	958.2384252011044
904.42	933.6080758415544	922.2885714285715	939.8291818586396	943.244	953.3589335444219
921.05	954.7408747244115	976.125	956.8692658933204	948.35625	960.0388436674675
945.49	953.6551938344066	976.125	957.9351007989487	973.8988499999999	963.2669962035776
985.44	958.094141147019	1004.27	967.5258315217552	969.383	997.7218683167367
1023.17	980.1082877384548	997.79	976.2098118435059	994.2105	1000.6338318574562
1016.55	984.85699948934	1025.836923076923	983.769848207874	1014.1195	1022.851970346867
998.55	964.2669527483592	977.71	988.4404833264541	987.345	997.0967250894566
991.88	960.8439201905499	997.79	974.474626877538	976.651	992.5507555227837
971.08	966.584791828351	1004.27	973.5115948212624	968.665	994.8307707463379
977.57	980.9367690411527	973.7775	985.9414192956517	967.437	989.8451317391209
977.16	968.585276554539	973.7775	982.5229315491273	967.2035	972.9451025431965
969.91	964.8671117223662	973.7775	969.8388997455402	967.398	972.9262948322847
976.85	983.1024314634421	962.9725000000001	980.3035292043731	951.0376666666666	963.9490754450504
976.42	1010.9088431843082	973.7775	1002.2784816756453	969.8325	981.9328829074113
978.48	1006.4493831999781	973.7775	991.5412351783572	971.8725	981.0958521309984
967.69	954.2387204086534	925.8	945.8769724403535	959.154	961.8605286769433
963.5	947.9280925900126	973.7775	943.0117422196797	953.268	952.504358468789
979.13	962.8588975474215	973.7775	947.2100869348833	961.902	968.4719422338943
974.19	949.8234223607973	973.7775	939.9073067842568	959.919	972.0149364319309
975.9	948.8809958110619	973.7775	941.8881259648689	956.894	963.0537871454773
974.68	945.792080719912	978.88	945.0505547402139	970.629	974.0641710470131
1024.15	962.8430769962911	967.03	958.9648117183549	977.082	988.5693127714205
992.33	954.4396862244856	951.6362962962962	953.3292364484105	965.606	988.9449811450622
961.54	946.1908496606354	951.6362962962962	946.7819882313296	932.6419999999999	932.2977098272052
915.16	938.9509242772863	895.656	934.3147992643603	924.324	918.966478374991
919.8	942.2974311396899	926.325	934.5003463877923	927.2239999999999	911.895099365805
915.14	938.3638640371153	914.2988888888889	930.092580093402	914.037	907.4056047349893
916.03	938.7084721521975	901.2025	936.6399425631574	915.263	922.1011276575473
907.46	932.0043459593862	931.8582352941177	938.964520585041	912.321	925.6901760799609
897.63	935.2319744460289	908.5799999999999	929.5263612050544	919.8	908.6854498923293
900.06	924.6847333426846	908.5799999999999	931.1408919953033	903.924	911.8724859232713
899.6	936.1098418638862	908.5799999999999	934.4580093946468	918.645	914.4113293588048
898.04	938.7494460425597	914.2988888888889	929.3019431000233	910.653	909.3307395010288
904.21	940.1908832346122	914.2988888888889	930.4628657288782	916.342	918.2198916671621
895.34	940.6004036587813	914.2988888888889	929.7470744348739	919.9555714285714	912.5923829502608
900.47	939.7233750254713	914.2988888888889	930.8446209087056	927.789	919.3865457012951
911.21	938.3997444166612	909.9866666666667	929.7598987972942	922.699	915.8238833560924
913.19	941.7430694791964	920.11	929.1323317546414	922.645	931.457618562792
908.21	937.0381563755974	914.2988888888889	928.0553341286046	927.789	907.6992625074986
918.47	936.2150356836169	909.9866666666667	928.3461285151162	920.3299999999999	915.4527324426116
906.09	935.425567884615	920.11	927.2626931853059	918.862	913.5570435002193
897.29	927.5518594168526	914.2988888888889	924.1913513385048	909.486	873.4882868544601
899.86	930.4396888916141	914.2988888888889	927.1660711725604	906.4749999999999	893.2155583690242
893.75	929.2230157320118	909.9866666666667	928.4706373963586	915.27	924.6114929167303
888.1	923.0345052185932	909.9866666666667	929.1562306882183	900.177	911.9448680708791
867.94	915.7367313300458	858.888	919.0898502462849	884.043	900.9170182362342
830.34	906.6092246414064	858.888	912.7747143371543	870.1286666666667	864.897025041821
864.29	908.8730679197057	858.888	918.938550806301	881.924	875.0327130836265
879.98	911.1599723373413	858.888	919.5346513292141	885.9590000000001	884.4879050366268
877.48	916.4001173116185	858.888	918.5789048992559	880.632	906.6402080939762
907.47	917.1290807315102	858.888	918.1599146520864	872.7909999999999	893.7382782419606
929.53	928.3820908332012	858.888	922.4751289708585	903.143	909.7625804776355
927.65	938.7039398173954	930.01	934.8884957956592	960.3125	944.7892713611532
951.68	939.8492508408239	949.5125	940.6647711122835	942.2479999999999	963.0236386601697
951.81	944.7073413496637	935.65	943.2137687469254	947.601	940.0292714845625
959.07	959.3210194871747	962.9725000000001	951.7880689907049	941.466	960.317392151599
992.85	968.3665917384484	1004.27	964.1094207802753	965.148	989.8503977258204
967.78	956.6280777192624	1004.27	953.5912214417245	952.709	951.3598231291992
963.04	953.9574771358873	973.7775	954.530676568985	950.669	947.4704545262603
976.51	959.0084169329047	962.9725000000001	952.8164953929395	949.0465	952.134486409947
990.06	964.4044788284393	973.7775	955.2961389593111	960.208	968.705970577482
961.43	962.3884792880715	962.9725000000001	950.163417515218	945.5495	934.541192687235
953.8	979.9911930438652	948.8050000000001	958.2665856969226	946.286	957.0818068803311
947.36	994.7994306615628	948.8050000000001	967.4627842995184	946.5699999999999	971.1067446699366
958.89	990.9583753126554	948.8050000000001	968.3650661928757	952.881	967.7958992751792
1015.51	990.5912986976758	995.114375	975.4374191042443	993.74	994.0083925924832
1026.66	981.9135775725736	1006.76	968.5509370059822	997.806	1013.4132963155043
1025.57	978.7984622981585	1025.836923076923	976.4778238135405	1017.6695	993.4142740692455
1005.38	963.9101171241375	995.114375	962.6030709255616	984.665	985.9472008489365
977.72	939.4807457979798	974.55	944.7109740720124	983.371	949.0397837447474
956.42	922.681897308026	930.01	926.2112531641607	951.1030000000001	948.1132829631225
987.23	922.9472282878364	930.01	931.9563340187349	976.899	957.2694632181114
945.79	907.1105043328974	904.0437209302326	913.62553348991	924.123	932.6538951908115
954.89	908.3182783640113	977.97	916.0979505273212	936.782	937.109797291117
959.29	916.5530111882093	977.97	920.1913866296059	940.257	952.3667117417926
984.85	924.2958807356245	959.81	924.1966385087687	952.357	963.082286762867
1038.26	962.3947963331003	1025.836923076923	961.6236486188451	1024.1315	1006.7447988396005
1033.93	1050.694448078659	1025.836923076923	1023.407377268921	1018.7303333333333	1007.3311700657094
1050.95	1117.5493080083327	1025.836923076923	1046.3147377675575	1019.932	1027.3232808575026
1058.09	1043.0240093023317	1025.836923076923	1023.3075911232745	1033.534	1024.8627800626748
993.42	934.8104735900889	951.6362962962962	934.0902870974222	931.1595	966.9078093451704
969.85	921.6027399527287	951.6362962962962	929.9682141844121	933.9715	949.4333529480236
953.93	936.7365610370966	951.5	938.7903900705315	960.896	945.860448408059
982.4	948.3225388012474	1004.27	950.7858490901338	965.527	984.0791544805847
968.6	940.1798871616497	962.17	933.7527721843701	931.9590000000001	961.3047583778603
964.22	946.0397503332701	962.17	938.926190509295	958.486	949.6364560473958
977.6	962.4455697238787	973.7775	955.2524795808495	947.982	953.4832476033748
992.9	948.3518416759533	973.7775	954.0046441732112	953.098	960.212192834827
990.27	963.7777376613052	973.7775	955.3476703910891	970.7470000000001	966.0730627993227
1001.63	957.0100118435438	1004.27	950.3975221082261	968.945	979.623300736815
999.19	964.3497246813641	973.7775	956.4235252826629	969.0920000000001	979.8738523312118
981.89	961.2710647598839	973.7775	957.5919988994202	962.6596999999999	965.1260241563825
959.2	942.7756109705772	931.87	934.1583935580039	940.0135	960.6313846756905
937.72	925.2115172931167	935.65	919.7620912641684	934.347	934.6340155630215
947.98	925.8049137506778	918.9933333333333	920.5133269888328	941.206	925.6471252399809
942.61	920.4620211318493	959.23	915.4609590802281	915.824	926.196514129329
939.37	924.1977506918665	923.1933333333334	916.7398869178052	922.024	940.8503553767196
954.37	924.7014136020491	923.1933333333334	921.0757105007566	937.419	934.9068398927136
967.86	926.4842449445384	941.59	929.056758305432	960.3530000000001	944.4394205947116
994.61	961.8159355820558	943.4100000000001	942.8797365154779	961.529	965.7406188542094
995.92	1010.690025230092	973.7775	976.2161430899077	977.076	973.105741692044
994.17	1054.0109126351674	957.7828571428572	1001.182437978008	963.9491666666668	963.6334804309647
993.72	1051.221211652389	957.7828571428572	1005.4566000835455	964.4191666666667	960.7650907732608
975.57	1076.972231603057	957.7828571428572	972.9950480713889	958.8325	981.7437349235363
966.82	1082.0693465066367	957.7828571428572	954.8359737487632	958.452	979.4128787011224
958.9	1097.1437123464768	935.23	949.5730167152925	940.878	950.7949171851312
955.06	1068.903197209712	935.23	948.4245320781171	938.473	951.0241292843118
952.02	1061.7723709108982	945.3	960.8844047902909	947.595	967.7525457254235
945.72	1041.5685523582097	935.23	964.3627566653822	938.473	950.2057914804122
954.7	1040.7556106943048	944.95	959.42939247761	952.461	972.8730074879046
985.42	1012.5102933797527	973.7775	983.3501623853546	969.2293333333333	981.723471683239
980.08	1017.2444296510497	973.7775	989.8519976009223	977.6473333333333	981.9868990073757
964.86	971.4576480966118	973.7775	972.694839972389	968.9970000000001	976.2370221043398
958.59	957.2255960157132	962.9725000000001	947.4070303155531	944.875	958.6878054323802
948.39	944.7360244775967	962.17	946.3367076707332	950.919	940.4264592457558
935.71	951.1424023946302	962.17	942.9198451442221	957.903	940.7885358068402
928.15	957.6141643415053	962.17	933.9282604253709	959.549	951.9517640230973
940.97	898.0690372502778	970.71	901.3884302163451	938.3199999999999	931.2945574445743
882.59	897.4664207225544	959.81	896.6013145408963	940.66	944.7662451042625
861.31	886.6301007378772	959.81	888.4739171029495	938.0450000000001	915.6696727103385
851.23	881.6026337783375	943.515	889.1954724484214	942.3810000000001	914.6526917930132
839.22	881.7866099783322	943.515	889.8202855163561	928.739	910.1989292435433
856.18	880.0675167088438	943.515	887.4817648607907	940.926	904.1026766270368
872.61	882.8892801138729	959.81	889.8970417575108	942.815	919.8666384800956
900.77	890.9121928671673	980.14	897.1621774265031	945.8100000000001	926.205311117397
911.85	900.0180492348695	949.05	904.7726617081566	929.049	928.0132076851078
921.94	896.9871988719376	949.05	908.5317913773713	913.206	921.9108939379977
919.47	903.1068841928993	949.05	909.075942517614	921.7682	906.2377871763628
916.68	898.6891969469048	949.05	909.8898625957021	920.8452	921.3141321157651
913.62	907.4421277925603	949.05	913.8958414264599	911.1622	918.9401519993403
905.41	900.0276262788888	904.0437209302326	913.3273878599491	913.601	909.1261365304664
912.53	913.8334526244311	949.05	914.181927802638	904.736	904.1703654833183
903.36	914.2346863162302	949.05	919.8300437909888	908.1990000000001	919.057730475562
895.72	901.9706170976723	904.0437209302326	917.5955733450874	908.099	914.6157900800104
908.01	914.6809067804945	949.05	916.0692933064017	908.099	908.6613685409822
904.22	918.7276078053319	949.05	918.6752808270757	908.099	915.9477290635792
902.46	917.0629757933068	949.05	919.5391757292739	908.913	917.9837907840853
908.5	920.2216500716727	949.05	922.1393533373471	908.7940000000001	926.3027467850515
920.17	926.8696475600991	949.05	924.129243335086	913.2575333333333	912.677007808266
927.23	924.1361319586758	949.05	926.3774358542714	915.9403333333333	931.1892584981005
932.28	925.9700069490741	904.0437209302326	924.4582402971222	915.3053333333334	934.8004410211596
924.26	933.936868241527	967.03	937.1675353232476	934.303	964.4067356879318
896.02	903.4591321085002	904.0437209302326	916.1055550458345	897.5409999999999	927.4807109229286
878.72	897.2986419668024	904.0437209302326	905.513354795335	893.9449999999999	921.2497647104933
871.81	887.9141439828727	891.93375	901.8825709789116	901.283	894.6872282406398
850.63	869.6894431191191	959.23	891.1442038925891	902.707	891.5654753495013
838.43	880.3627452795492	891.93375	888.5048704750502	894.846	894.2526311902345
871.77	885.1602965035103	959.23	891.8923284103881	904.305	884.4414236477564
904.11	886.8575001581755	959.23	896.2029458251329	907.093	922.5727965276001
928.12	886.1101335052389	959.23	902.0171066079015	904.927	917.3669239662463
925.21	900.4232043150757	904.0437209302326	907.0025853015671	895.8679999999999	931.0670052038002
929.9	902.9156074131473	904.0437209302326	911.8370843780366	914.2415	907.8894175595935
931.63	905.8311316823927	904.0437209302326	914.2564460261241	916.3245	907.1503543605303
924.59	901.3070142943182	904.0437209302326	914.2346442809417	916.521	899.8389996030369
930.21	909.4342700719676	904.0437209302326	916.8630357819177	910.962	907.559946691884
940.28	929.8879128866688	891.93375	930.5477407031091	928.0	943.0761591896298
943.48	926.6700911964733	904.0437209302326	928.8568274995604	917.072	924.3302608817024
918.6	917.78374244834	904.0437209302326	924.6483785897447	910.2149999999999	916.756918696869
915.41	915.3488123399109	904.0437209302326	921.1412730555618	908.844	902.6526248600794
920.84	922.8604572305	891.93375	922.231410896852	900.192	899.2214445436817
961.8	934.7372447495403	925.2379999999999	933.7258274769472	931.0989999999999	923.8364867701155
986.69	959.236990211002	979.37	964.6394162468423	965.661	984.4549747696955
1001.38	979.4330413600919	995.114375	975.7825395540596	992.759	990.6127985247776
1037.15	1021.2457179382781	1006.0966666666667	1010.4444523322624	1014.7560000000001	1017.2972080202392
1061.19	1062.7413072344566	1006.0966666666667	1040.9015416032473	1017.883	1039.353353158996
1066.67	1004.3460819966921	1046.8572727272726	1001.9773283134458	1023.163	1039.5345375007737
915.38	922.1383835475192	911.285	927.3325165250621	937.549	933.0691256498698
862.18	889.7554470264062	891.93375	896.4525453775174	872.73	893.4054866624133
860.6	892.9444030509643	923.1933333333334	900.0796296096347	914.9725	892.2472486114314
880.57	901.573470507453	893.96	902.4982748410905	917.258	906.722585569182
866.28	889.7989673538195	923.1933333333334	903.0487550730215	909.232	917.160820459124
900.68	881.6115445391162	911.285	893.5166777463292	927.942	916.6735498115554
966.68	903.2721714870885	911.285	906.616563056634	931.2860000000001	928.1474471730378
1003.36	916.0528365104719	911.285	917.7833526412937	942.3149999999999	938.9960692626602
1023.59	926.4654848166232	955.3166666666667	940.7071044146408	969.063	993.2435342042957
990.15	925.7983078811752	1004.27	933.1193617017963	953.402	954.7214816038638
988.67	930.7049295042431	948.102	934.5218934112612	933.4409833333333	946.9556792899817
990.78	935.2989494057963	1004.27	943.3343426165117	952.8833999999999	972.0332367590793
967.01	921.1536416474199	891.93375	921.32079889704	890.393	933.4164211274198
949.93	914.8293107375541	891.93375	924.4700573859537	906.305	913.1619733201254
928.47	909.4074111600178	891.93375	918.4447844333529	888.731	911.6277481111621
948.66	914.916113708562	891.93375	925.6153893962944	898.318	919.0789834212375
997.4	955.7143774883699	956.3033333333334	964.3071005149479	981.4692	985.766296030438
985.37	946.0548267410131	917.15	952.936441440766	937.095	962.0208183156764
950.8	929.0271112573683	988.24	945.9594846847799	950.317	940.5382952560032
945.13	932.7990241735832	988.24	948.5156580137681	950.317	948.9381751209456
973.9	931.5870052527493	951.5	951.2210827145326	940.424	944.3454686831168
984.4	944.9821323692124	951.5	949.9310664993059	958.24965	948.0622620197925
993.78	949.0390479377576	1004.27	957.3791612553986	944.739	966.8121028647938
989.06	948.3211792817754	941.59	959.2830680306866	956.2254499999999	959.9393282232144
984.34	961.637473858632	973.7775	963.0693023827973	951.5350000000001	982.3883077246226
998.96	983.6831519622476	955.3166666666667	996.5419378183434	975.738	1003.6886529106112
982.93	969.1403179876829	957.7828571428572	982.1796586446474	943.9421666666667	957.8650779265425
979.86	976.3485242957003	957.7828571428572	973.7169930856518	944.965	956.9980256531876
990.11	985.4830146412233	957.7828571428572	985.0641847692716	939.3485	960.1743372976191
975.8	985.8354097245817	962.9725000000001	975.2964466263201	944.142	961.4774255102619
1003.5	996.0777957516907	973.7775	994.5794500883097	961.8195000000001	980.2391312545806
991.04	1004.0378552656987	957.7828571428572	989.6190387098652	941.7855	965.3834011582877
1016.75	1019.3634700635528	973.7775	1009.2770794261808	968.499	984.7719788554267
1019.14	994.979385502733	986.198	1000.1238282995927	1024.0155	1031.088499415673
969.26	962.8968698218066	973.7775	972.145155526028	967.671	971.2969843247018
1018.96	1001.5888275271594	973.7775	993.8610248681402	964.134	974.6349522490143
984.82	1008.8209332243724	938.155	986.8977561447036	936.266	943.5607879137259
977.9	1013.7534634809904	957.7828571428572	1000.5463209428033	951.9256666666666	975.3340591567742
983.3	1018.2580116730832	973.7775	1003.6787194158888	969.014	994.6959978391093
979.27	993.4524537814469	957.7828571428572	983.9805346958246	952.7	974.3270173935975
955.08	989.807131805617	938.155	980.6648690270173	934.053	949.4553630573587
948.18	975.2889833296106	935.23	974.479031316513	935.172	938.8195869826033
975.14	961.9146880352889	962.9725000000001	970.4396190456391	951.79	964.1979518128253
964.36	969.9910901640235	941.59	974.0343487699511	960.202	976.822321646807
962.9	962.3594518420531	941.59	957.2022256639174	960.355	953.574421488889
974.28	983.3686521429327	973.7775	989.1199483212545	966.5862000000001	983.1412663375662
975.02	983.643207192126	957.7828571428572	989.1148144786716	952.03	967.1735305663376
992.82	1014.3037234736373	973.7775	1003.6203291237232	965.7255	997.4948639671146
973.37	1000.2844074636685	973.7775	996.2951855809503	966.655	981.1779187779823
991.18	990.8995173768257	1004.27	990.8013618739311	967.787	982.3342954653688
959.03	971.907392697398	976.125	968.5858189778155	963.9280000000001	962.1080696130248
925.1	956.4989502120736	931.8582352941177	960.2734062258525	945.641	947.2046010848911
918.4	945.2040498113738	931.8582352941177	946.8753879516155	929.857	928.4956888820952
901.78	927.0927011447803	916.0725	933.4882496734704	915.312	926.670627775072
914.12	922.6791955937001	908.5799999999999	928.5430624416671	922.112	923.8810583080864
908.97	922.5440692059549	908.5799999999999	923.7329385255797	910.6759999999999	920.894957200016
924.01	916.2069767719094	916.0725	928.9479320386474	928.157	924.4320863270183
913.86	923.6920835849904	949.05	936.1440020566806	937.039	943.3307636496074
921.73	923.3863548359432	949.05	932.6732559315777	934.7625333333333	942.2706315175782
911.84	915.2027256245934	949.05	925.5418730772114	929.1562	937.2998051685439
910.69	921.5787915011285	902.8	933.8002026829744	935.748	922.8993950912093
900.92	923.0578653504666	902.8	929.8685274718872	927.645	928.7352673397387
905.5	921.0126764367087	970.71	941.9064448103494	960.087	982.7238689915168
900.81	933.0684136862262	902.8	941.503074253781	934.88	930.299350060153
918.26	924.9300972455494	931.8582352941177	927.9208988367667	918.646	915.8396373163048
900.18	930.5933117786828	899.6	928.9777254813237	912.425	911.8904303100205
907.32	914.9750063066588	945.0	930.0773131635016	931.287	902.4442595631772
913.52	918.8467479140907	899.6	924.168642303442	914.938	901.831220643743
942.92	924.9232749626744	901.2025	925.7925403817052	921.482	916.8812540242992
938.88	933.9824968414476	901.2025	933.4364287705237	923.614	914.5697921577771
923.38	934.7544351814666	901.2025	936.597188054714	915.727	919.2190389146549
920.38	937.9143251390104	901.2025	941.0140089542374	918.934	932.6778697631609
887.44	922.5461071630085	873.395	925.8020670635913	907.9839999999999	906.0369320843047
890.73	919.692157679749	902.925	927.580813278503	905.2675	899.7545434350083
868.18	908.8631346939998	891.6121739130435	919.5599399046564	888.1138333333333	902.6785581098397
891.87	908.2598088920143	891.6121739130435	924.9700168594445	896.0888333333334	901.6731366017677
869.2	897.5192721868711	819.78	915.9071132382542	874.4395000000001	888.8041005053183
845.92	894.896512018893	855.28	906.6078451544365	874.3598333333333	869.4460208080156
874.49	907.6064000549513	891.6121739130435	915.7250227510431	884.611	897.9960617808827
907.88	925.8570102380743	901.2025	931.9903174020403	928.748	918.6017475009318
927.46	930.7803110689943	916.0725	942.3562210368766	953.668	926.4918461452686
922.35	935.6382754597798	916.0725	935.1943991754592	906.418	930.6968055798347
937.03	944.0189158584344	916.0725	944.2067411752073	932.77	929.5356450290917
923.44	945.8120187012312	907.69	936.512561126628	910.806	924.0930175640084
917.57	942.7587126334022	907.69	937.5649366973389	911.481	926.5034677653236
923.03	939.9006700686082	899.6	932.3299855113019	902.2223333333334	913.6894608656642
