实际值	线性回归	决策树	SVR	随机深林	GBDT
366.3	427.58256651539637	398.93	490.2435804530011	384.412	382.1325343581357
300.93	358.2667712168513	334.51545454545453	399.603694444208	316.494	326.64757467271517
38.2	152.16429818436242	104.265	185.88061028763835	86.093	27.51372414939189
461.8	477.3971613079423	439.2938461538461	507.0216247814969	451.81925	452.28672255890626
575.3	438.8926440254257	593.97	486.71097827843886	557.6963333333333	555.2127665511233
389.17	393.86412275391064	293.1477777777778	416.67298924929236	298.061	319.44889464800417
604.8	605.3765504615932	631.4341935483872	624.1844089461073	643.798	673.9032750490675
503.0	463.8780282692937	439.2938461538461	492.3937590694076	423.149	448.60584226938954
604.17	524.7861562056396	587.1622222222223	532.8638432255358	630.8180000000001	600.1166561954046
201.7	258.06001294106056	136.53833333333333	282.6470187769894	163.6504	153.70367311871814
659.67	657.5656563894798	676.0715789473685	661.6581534906298	683.3949999999999	677.9371292800248
325.9	410.6916204603121	293.1477777777778	469.7405504941286	339.283	324.3884401466542
241.57000000000002	302.8934112296805	206.90083333333328	317.4837899928835	197.824	256.3334888776694
87.47	195.12264710100916	149.6877777777778	216.7052001729751	97.62899999999999	89.37651918260376
247.83	323.4639945636399	244.6808333333333	360.0221277029771	270.17299999999994	252.86376120007245
442.06999999999994	477.4696651489173	439.2938461538461	499.51226882582534	448.35875000000004	428.44010240074294
266.2	240.181150211435	136.53833333333333	283.3538116777141	156.2884	160.29913107027602
422.00000000000006	405.5610504796442	417.58919999999995	442.9149201549864	452.518	488.8423337271405
327.0	406.1722548027952	351.49999999999994	432.8632369187611	385.3860000000001	393.5518885252366
432.50000000000006	450.87054831840317	417.58919999999995	496.5797558357241	426.9323333333334	483.2514062437381
583.5	519.757822524987	631.4341935483872	562.0525490608558	638.9905000000001	619.6426656046286
495.8	544.9753634592113	587.1622222222223	580.0976336037598	587.3815	573.3131737502459
10.47	-60.6031679047682	28.6	21.905730923226766	17.605	-7.12504766068274
479.92999999999995	537.5474423946281	587.1622222222223	572.2029172963346	575.8245000000001	540.9810235764764
326.43	278.1312128978524	334.51545454545453	378.96830200603205	333.97400000000005	339.57712947685485
526.97	438.179126766407	547.7074999999999	503.75810111022145	537.7796666666667	515.8445832613857
562.97	490.49284495641245	587.1622222222223	535.1788879823149	600.1645000000001	579.65869336043
8.37	163.47058711451942	15.300000000000002	161.40521925094072	52.328	79.31067713561781
21.6	178.0498649910395	25.67	164.0989999839666	50.021	115.62473846618173
40.3	195.1164063431723	25.67	195.68031493004392	43.848000000000006	96.75260940550402
295.57	333.4589030415569	244.6808333333333	352.87966992204815	259.776	255.78020733139667
154.17	290.17714723702426	217.89	310.12137544829756	169.681	183.44038117963674
36.43	206.1036228010647	191.8	249.3484385482406	141.10500000000002	163.14857029543197
492.3999999999999	439.1077304015047	525.1128571428571	484.77724887787195	506.57274999999987	522.0229842263269
74.5	194.97812889841143	149.6877777777778	223.12326881011452	96.819	79.55810975509603
46.63	113.56343864004423	115.06428571428569	162.45826040604413	109.78800000000001	133.73599411430712
245.32999999999998	331.4944424064236	244.6808333333333	349.2807325432081	274.54850000000005	254.234605229468
62.47	264.8574157379666	136.53833333333333	260.03322400444	143.65116666666665	168.63942072099704
545.0	476.8920760280656	587.1622222222223	522.2439819460641	587.2675	590.7684995184411
298.63	299.01250340609164	334.51545454545453	367.11144709853556	335.324	370.3478184335229
345.9	393.2610106684462	244.6808333333333	387.7594321922489	309.843	295.609100525272
128.37	203.26849356179656	149.6877777777778	274.95778551023994	131.58599999999998	169.92344144084697
138.1	270.81897720667314	149.6877777777778	232.66828686397093	160.738	100.8489736205762
126.13	107.63903217516255	115.06428571428569	209.39377304955275	82.1625	180.19673505088912
202.7	248.90097687349007	206.90083333333328	316.91229860772427	210.24200000000005	192.32895790677915
390.83	475.9865584792064	351.49999999999994	430.37524099996824	399.786	440.2582359998864
139.2	247.69035683857612	206.90083333333328	297.8560932327637	206.841	175.13328803678903
131.5	175.98002433682953	115.06428571428569	229.11535473132477	107.1195	116.45002274915694
69.28	280.38042218192834	66.2	208.99691952628905	79.128	149.41174323567262
155.4	206.59538715386455	149.6877777777778	266.36460304066543	120.4175	143.9067841412056
57.0	87.27406734334063	115.06428571428569	200.48634032318608	120.06916666666665	71.13399502691544
77.11	204.89091742441872	116.3	151.4255518838767	102.56700000000001	114.81472848742115
205.4	297.9552151943829	206.90083333333328	334.51565036422596	222.5965	223.45709903071588
259.2	322.7681628299347	244.6808333333333	378.9794213278234	294.594	272.18858339203155
156.9	166.51600396940728	149.6877777777778	249.05403197554375	142.19	164.46454895748818
101.37	156.28439047319094	115.06428571428569	233.15068910641884	118.9495	63.41567169412463
581.43	605.1049470520874	712.49	556.9118917862711	592.8558333333333	622.1714406383807
417.5	447.73425134604213	364.1	420.0352786902962	356.58000000000004	363.35470604584526
194.3	297.5686159567753	206.90083333333328	332.93943462258227	224.24550000000002	182.30190739659915
515.03	585.5946263575835	560.25	541.4097573399571	526.3	539.9877707499978
126.77	151.15458516857353	83.43	251.76604072089015	144.52766666666668	100.28025653269393
346.83	423.71386882405653	244.6808333333333	414.273784266838	295.759	270.4888331888648
515.47	568.4775226595065	475.90375	523.7508240499544	464.8376666666667	481.06100303091335
617.6	615.394739108783	712.49	556.8673832798695	619.3915	630.5922859553084
210.73	256.19840734452737	206.90083333333328	326.31692891022584	225.118	196.7692842407664
271.57	310.15685042357387	356.77	364.6098496744973	302.52500000000003	261.6543457607235
563.17	590.3479945291842	585.32	504.5742400958558	566.7833809523811	563.455475260526
327.03	369.06070857686643	350.87	365.53856662297994	305.32000000000005	312.7114936215696
634.7	653.9674672061221	587.1622222222223	585.0771065384642	614.5067166666665	633.4424726156062
495.8999999999999	550.3422217027975	475.90375	509.17670705391185	482.4087142857143	488.6258787519235
85.17	207.98253399957736	44.7	151.6736274272236	56.673	75.79181251152498
301.4	376.72414751022336	244.6808333333333	399.3875424726016	285.34499999999997	235.89081399362445
381.13	502.2130994870054	417.58919999999995	486.7912113016355	433.29825	471.6391806066173
478.1000000000001	538.344158399393	417.58919999999995	501.4877824015001	439.25424999999996	414.0593550156998
225.37000000000003	282.5711685639988	191.8	261.5944688913734	199.26700000000002	176.61339766565476
703.43	729.9788909878431	774.9378571428571	660.7431640209181	763.2100000000002	718.3381139236099
196.03	234.9171081684914	206.90083333333328	305.5614793327486	215.408	200.8370410954947
401.63	501.7365740676519	475.90375	491.58814949656755	440.154	424.71413693541143
466.4	580.4242980231527	560.25	550.519196838574	536.884	518.5645409967569
358.87	429.8793975084837	244.6808333333333	416.6096905806551	279.1515	286.777025208778
484.6	576.497699930712	475.90375	497.6981312029872	514.9977142857143	494.13227941536513
108.23	114.42140379421816	201.87	225.50270511132658	121.88000000000001	155.60829093871666
174.1	212.5155244170778	206.90083333333328	286.05024325371903	221.92200000000003	196.01158430783863
709.5	690.47490921508	739.3	621.9368040988959	734.177	681.3600361783507
594.03	594.2526254884328	587.1622222222223	554.2450130503934	590.1244333333334	612.1667109708736
699.3	745.641743105739	774.9378571428571	662.1221727675128	757.6560000000001	734.9785564533377
75.17	130.57064657741597	115.06428571428569	225.67942616853097	116.79016666666666	85.5258518884067
244.93000000000004	257.4058526889658	206.90083333333328	308.18348056280445	205.28350000000003	208.24475210612414
249.59999999999997	318.45626705913634	350.87	369.12496876216187	317.54100000000005	286.05156424876117
229.33000000000004	277.3266439171752	206.90083333333328	339.8578629907175	237.21500000000003	217.72994570334572
102.87	173.55303824303434	149.6877777777778	248.1188396537805	120.7095	118.10587810080935
210.43	267.1947414090694	206.90083333333328	326.00197803960447	223.83900000000003	195.17811238522657
210.13	344.43771006922947	94.6	304.91845982268933	225.034	194.0681642993028
221.0	258.83268225198	149.6877777777778	245.14641349088356	155.3645	138.86583414170408
137.97	204.48853226909472	193.025	266.45683496108893	112.11749999999999	138.2974667066284
291.97	360.9554573118042	244.6808333333333	399.7942286175753	301.06699999999995	272.4574513857167
44.57	-25.73930020804477	57.73	122.38903512105134	35.089	77.5071752295407
226.99999999999997	270.9883119622818	149.6877777777778	276.80291094963906	184.03400000000002	178.10560563706122
94.07	140.37320559297086	115.06428571428569	225.63829724150145	106.05866666666668	53.12979364822986
627.53	646.4933164285233	712.49	575.5270482550561	637.0764166666668	634.5583608587632
116.70000000000002	154.68031545741664	193.025	253.04119044459478	139.71366666666665	157.34047086988943
168.43	138.46810220166978	115.06428571428569	227.57799667206973	109.35950000000001	138.26560930747303
329.93	396.18284306412045	244.6808333333333	412.28225631905457	286.6814999999999	270.0187131014536
208.57	308.65434157911466	136.53833333333333	318.97719915663225	200.02200000000002	202.01462577928993
312.63	396.0061990407063	244.6808333333333	405.21267593975114	284.8445	230.95337514340005
102.77	281.7175059208061	136.53833333333333	219.07863995976348	204.73	141.19133109655613
42.17	96.56136365003172	115.06428571428569	204.81341113398443	121.79616666666668	107.58568817843455
145.13	188.97793792567296	83.43	277.0864117067557	176.65866666666665	129.23142726320518
293.4	307.3142651477475	244.6808333333333	369.9916483087043	287.757	232.44868253457938
214.07	364.01744787671527	350.87	353.0564028570049	280.55	291.07972699218783
446.1	545.2213398079145	475.90375	445.7898068359409	498.821	532.5522197094912
246.12999999999997	305.4156257393371	323.53	342.50636336986463	226.71849999999998	244.5653351699349
64.57	227.5597373969613	149.6877777777778	273.8435892848295	125.483	174.2886218546666
281.47	335.8831048552264	356.77	372.9001488751542	307.737	272.4398486033594
458.87	519.4407681207576	383.03	448.1440366755507	508.944	562.8695966574619
365.4	457.14638100225466	364.1	435.0792574583369	353.20000000000005	359.5264531471206
607.17	650.0358836801379	587.1622222222223	590.722999276058	606.3471666666667	591.9637973831673
637.63	654.9133895633822	712.49	555.2168723540166	645.747	639.9011053669134
639.57	701.1864905510625	774.9378571428571	634.05685906108	731.402	700.8792352383024
482.63000000000005	550.702899181147	475.90375	510.1653757667812	449.5546666666666	447.49019489120764
667.5	674.2336732175469	631.4341935483872	602.9952537142517	634.7275	638.3102344034886
569.7	608.7265768743432	585.32	512.1848520856648	570.8437142857142	546.1337119727672
406.4	412.6389596128645	244.6808333333333	390.76519182678186	309.49899999999997	304.9921619340367
530.4	545.0999199919629	523.885	508.42391255638813	524.3372142857143	527.174805419811
701.57	743.232650881419	774.9378571428571	660.6033396156577	763.2100000000002	753.7863305016577
643.77	676.2383094182749	631.4341935483872	602.8922035636189	646.0179999999999	647.2884149470207
233.50000000000003	398.29587123810205	94.6	314.8146268878924	261.197	330.6403796596335
690.47	709.2085979302317	670.7333333333332	624.0287183899056	686.198	676.4790819562445
732.6	706.019935464158	774.9378571428571	631.6905854531711	741.5390000000001	730.2991462976895
538.83	576.2002908857103	446.91555555555556	546.3886192544427	499.685	527.3407314471112
691.13	719.1578383318271	631.4341935483872	612.6431259237811	698.8539999999998	704.3642025952494
493.7	564.5909093346927	475.90375	529.688558596997	485.0246666666666	494.63126571423294
608.73	662.1493545443766	631.4341935483872	595.891364479422	617.7525	642.1099739186379
634.1	700.0717188185844	631.4341935483872	604.7873463730677	658.215	666.5929356527947
691.6	728.9477453113439	774.9378571428571	645.9587699776657	751.9989999999999	720.0691610672793
370.28	374.09053047576964	94.6	341.60753319003135	224.37	143.43208394369063
266.27	411.40060821549264	94.6	341.0592378192769	258.803	297.3952635268349
322.6	432.4914810036785	472.49999999999994	375.1394740770402	352.18916666666667	380.7765175178282
89.6	267.79563506396033	149.6877777777778	215.4484943050069	138.445	136.53236451882333
540.83	611.1135865110376	712.49	549.8516739633873	609.3173333333333	614.1609633832995
543.17	581.2466776212044	446.91555555555556	546.9571422601981	494.54800000000006	528.3554046616678
657.23	649.2126567193964	631.4341935483872	599.4297899306122	661.484	675.4584887170957
638.03	672.3192091966228	631.4341935483872	608.0237158340523	722.1110000000001	703.7391925021444
366.1	406.70241939543206	244.6808333333333	378.33414664530994	304.381	293.32122436397714
355.03	473.6671309868173	472.49999999999994	383.44588077015055	352.18916666666667	405.0713941951007
705.53	678.3318704291968	739.3	615.4502624847465	748.0640000000001	715.4803742160415
198.67	282.1943152898579	206.90083333333328	292.2084157476385	213.814	207.0316427662893
233.13	323.3690374557742	206.90083333333328	325.7840032311114	218.692	217.19843238825987
626.3	647.8144327392832	585.32	543.7523511899532	585.9715000000001	610.3988348648287
49.63	269.5782551267455	191.8	203.4164560566525	135.221	190.92202381108896
289.43	374.1477097219648	244.6808333333333	395.40497192181704	285.34499999999997	257.8255644609937
331.43	402.12449042716906	244.6808333333333	416.90846142352086	292.28599999999994	271.9176159831738
535.8	600.8377998735714	487.626	543.5247556854054	532.8100000000002	546.7603271602869
625.6	677.0893752628897	631.4341935483872	618.4669230068457	696.8625	667.430556582375
255.97000000000003	300.2977048418701	323.53	350.1242571085267	292.15999999999997	194.23962305031264
117.77	164.64190674747294	193.025	258.1678330834107	145.89066666666665	177.7948787832938
77.13	80.67467266074397	115.06428571428569	194.56340082431635	101.24916666666667	77.46923229358205
240.90000000000003	308.76327748866254	356.77	362.3320160814115	302.52500000000003	260.320038222273
201.57	279.64276261458974	206.90083333333328	295.3115257006761	194.896	206.53983890638912
299.4	344.69087410073456	244.6808333333333	388.13445313680836	289.097	242.3353008988279
231.4	273.19112374160284	271.5566666666667	271.76392186507326	213.08499999999998	172.8177387931472
181.07	255.76127373566356	206.90083333333328	316.7528957513391	211.77050000000003	205.80511170819966
553.03	204.7298033020683	510.72499999999997	253.2543849188066	480.11449999999996	351.944867459963
803.7	481.2996395110751	712.49	501.3487022669641	672.964	687.0644457652792
863.3	601.9609618841814	774.9378571428571	574.8116518256999	735.9549999999999	751.7685478014249
333.6	38.56534759902783	136.53833333333333	116.34954349163222	175.878	214.55117482617112
324.6	-46.66555325272205	70.97	56.545053147511496	91.60000000000002	177.59935518091388
822.47	599.7940497732053	739.3	585.3645353315353	715.142	679.7540083310201
523.4	252.6872555895038	94.6	273.1119531688223	200.33600000000004	204.73263058883597
795.7	555.9435391479814	712.49	527.6381849618084	676.7704999999999	704.930481888418
723.47	400.5994160560137	622.97	429.5313950356763	569.2210000000001	563.9354013746095
417.9	173.7249092254903	94.6	222.61204247645875	184.85200000000003	210.19464850189195
871.93	612.5310649627272	774.9378571428571	612.3004799958863	730.8850000000001	738.0974209844925
380.7	107.31975634342864	127.42999999999998	183.67317773109718	169.193	223.3582201234091
779.34	439.47866574256767	712.49	459.23453596845053	656.0359999999998	639.2389464785634
797.93	498.3497220483058	737.1666666666666	510.55724087216214	675.5070000000001	704.5294798667959
587.73	254.33519492309924	510.72499999999997	297.13593399570294	486.4995	386.7274571880556
882.5699999999999	644.6518675064957	774.9378571428571	631.0796940146708	739.1350000000002	744.2017511479041
829.13	538.4601475434782	774.9378571428571	550.1648300405014	731.844	748.5745749267041
788.63	457.9810707039907	712.49	475.706067951426	661.343	627.3955521070259
427.49999999999994	124.82756330784702	94.6	197.01153277890168	227.89000000000004	361.06273135108097
895.33	674.5970577473408	774.9378571428571	644.3062618243882	716.4799999999999	755.1200808899013
874.4000000000001	614.8947919729219	774.9378571428571	607.4984953599688	735.565	779.0404721541069
881.87	624.2855617197752	774.9378571428571	616.4747257409126	735.205	756.8539108403498
498.97	241.7299783867764	421.67	265.79403822271996	333.61699999999996	256.2025067912024
884.8700000000001	619.6382849441246	774.9378571428571	617.6308466275937	737.951	763.6989655360627
872.0999999999999	633.4712798561683	774.9378571428571	606.8270039302379	749.6760000000002	766.1117362441943
897.1299999999999	651.3087129251946	774.9378571428571	625.2814233208682	741.668	779.110311192482
825.17	508.38914346156804	737.1666666666666	521.3847973504156	664.854	699.0762219005197
591.97	284.9058643856622	510.72499999999997	332.2839536514502	478.7995	453.76818580358923
540.0	377.58329886250283	475.90375	377.0076447725723	496.7095	383.1792554720804
547.47	159.0107630420028	421.67	219.02434413553124	329.38	268.47386666135617
888.23	653.7847062179702	774.9378571428571	632.5777182414388	735.205	720.8977275324062
825.87	595.7828024729818	739.3	566.575664134459	727.4459999999999	718.2599129045767
853.63	555.9996642336873	774.9378571428571	558.303643606898	723.2320000000001	718.5795121336888
871.17	592.3782081873644	774.9378571428571	586.4987542972983	736.439	774.8165154843499
691.13	364.4338735601071	622.97	390.65561096005706	577.4	571.5626967754237
891.53	640.9851529362197	774.9378571428571	626.8780931568455	735.205	739.4660158412094
890.6	614.6997273402945	774.9378571428571	613.9184563624352	737.951	776.8317023988059
63.17	75.29081884449775	149.6877777777778	229.5587340174052	104.51800000000001	38.056050595555675
50.23	30.707262510170292	115.06428571428569	199.30890178007596	98.625	60.28636954828832
63.629999999999995	50.475734182997954	115.06428571428569	213.00735144465878	98.625	39.24959346574752
59.06999999999999	99.8661079275951	149.6877777777778	239.67842400471898	99.60400000000001	7.448618334560578
33.37	102.57240757237179	149.6877777777778	240.55412055894155	107.79500000000002	62.6088301681449
22.33	117.98091878299572	149.6877777777778	240.91052755791566	107.67099999999999	71.19503926782949
2.8	51.35005058091266	45.300000000000004	189.9608006650332	46.089000000000006	-9.457309913555079
