2.49	23.02	44.91	
2.51	23.03	44.96	
2.55	22.86	45.30	
2.51	23.03	45.21	
2.37	24.35	42.85	
2.24	24.91	41.83	
2.24	24.51	42.83	
2.33	24.24	43.08	
2.32	24.27	42.96	
2.34	24.31	42.75	
2.34	24.42	42.54	
2.39	24.21	42.96	
2.33	24.24	42.99	
2.38	23.80	43.71	
2.42	23.05	45.38	
2.43	22.94	45.67	
2.42	22.58	46.72	
4.22	10.83	84.33	
3.62	12.77	73.91	
3.82	9.22	84.87	
3.33	11.07	87.36	
3.30	10.24	81.24	
2.87	10.95	86.01	
3.04	10.59	86.81	
4.25	9.54	87.28	
4.21	9.18	88.28	
4.77	9.11	87.90	
5.17	8.93	88.55	
3.53	9.39	86.85	
4.42	8.58	89.04	
4.32	8.19	89.86	
4.79	7.34	90.00	
4.26	7.74	90.40	
4.34	7.26	90.69	
4.47	7.14	91.15	
5.10	7.22	91.02	
5.44	8.20	90.93	
4.98	9.68	88.03	
5.02	10.28	86.73	
4.76	11.11	84.01	
3.32	15.41	65.22	
3.50	14.14	67.89	
8.74	9.61	86.52	
11.14	8.05	87.53	
18.96	7.07	89.55	
30.84	5.74	90.82	
31.30	5.41	92.02	
32.70	5.49	91.03	
32.06	5.72	90.67	
35.63	5.23	91.22	
34.07	5.38	90.47	
31.78	5.65	90.57	
21.88	7.15	89.67	
19.01	7.31	90.20	
15.91	7.56	90.79	
14.91	7.02	91.41	
15.02	6.95	91.60	
12.03	6.94	91.52	
3.59	9.50	85.98	
3.27	10.72	83.72	
3.28	11.49	79.44	
5.32	10.71	80.07	
5.93	10.93	82.27	
4.94	10.81	79.52	
4.29	11.71	76.35	
5.75	10.81	80.26	
4.34	10.99	79.45	
4.84	9.50	87.87	
4.41	9.70	89.58	
5.87	9.56	89.67	
3.97	9.92	89.79	
5.45	9.44	90.31	
5.02	9.36	89.89	
2.77	10.22	89.00	
2.25	11.19	88.38	
2.07	11.23	88.67	
2.23	10.91	89.37	
2.29	11.08	88.55	
2.24	11.17	86.99	
2.21	11.66	85.01	
2.37	11.71	84.00	
2.35	12.25	82.65	
2.39	12.01	83.56	
2.53	10.85	89.60	
2.52	11.01	88.72	
3.26	10.42	89.15	
3.24	10.59	89.53	
3.58	10.42	89.13	
3.39	10.74	88.25	
2.62	10.77	88.68	
2.81	10.78	88.92	
2.69	10.42	88.75	
2.33	10.31	88.95	
2.46	10.21	88.54	
2.41	10.26	87.33	
2.30	10.77	85.07	
2.30	11.04	84.69	
2.27	11.47	82.85	
2.39	11.08	83.43	
2.46	11.15	82.98	
3.58	10.20	84.26	
7.97	9.45	85.96	
5.68	9.07	85.74	
7.03	8.87	88.02	
4.57	9.80	84.79	
9.12	9.03	87.14	
10.71	9.47	88.76	
7.01	9.74	87.23	
7.57	9.97	87.93	
7.43	8.76	89.06	
11.00	7.64	90.30	
5.85	8.19	89.43	
3.69	8.75	89.37	
3.16	9.90	87.46	
4.44	9.14	86.59	
4.33	9.50	87.24	
3.67	10.14	84.30	
3.92	11.01	81.54	
4.48	11.17	80.49	
4.37	11.53	79.42	
4.79	11.30	80.59	
5.48	11.16	79.79	
14.90	9.04	86.32	
12.25	9.45	84.81	
17.86	8.40	87.77	
18.05	8.25	88.27	
12.25	8.79	85.36	
15.41	8.53	88.88	
22.28	7.09	89.98	
28.27	6.16	90.63	
25.77	6.48	90.21	
25.42	6.46	90.33	
25.21	6.46	90.37	
9.71	8.22	88.08	
6.43	9.69	89.52	
4.38	9.58	90.07	
4.17	8.88	90.42	
3.42	9.99	90.40	
2.99	9.99	89.97	
2.66	10.36	89.62	
2.33	10.81	88.37	
2.23	11.24	87.21	
2.75	10.51	89.04	
2.68	10.54	88.64	
4.14	9.76	89.09	
4.06	9.80	89.16	
3.58	9.67	89.10	
3.35	10.09	88.78	
3.04	9.94	88.81	
3.68	9.88	89.10	
4.11	9.81	88.89	
3.44	9.93	88.74	
3.42	10.02	89.11	
3.56	9.95	88.83	
3.04	10.00	88.81	
3.39	10.05	88.90	
4.08	9.62	89.14	
5.38	9.10	89.38	
4.71	9.74	88.53	
3.36	11.36	84.05	
2.92	12.32	80.88	
2.87	14.67	70.42	
2.92	13.40	73.48	
3.08	12.87	75.09	
3.49	10.65	82.94	
6.01	10.02	86.65	
10.10	9.22	87.47	
13.68	8.84	88.69	
16.81	8.50	88.98	
19.03	8.09	88.86	
21.77	7.61	89.21	
23.59	7.27	89.49	
22.01	7.71	89.02	
11.65	9.50	87.77	
7.55	9.93	88.71	
6.39	9.80	89.15	
5.10	9.66	89.46	
4.05	10.14	89.38	
3.93	9.99	89.19	
3.99	10.20	88.45	
3.57	10.48	87.71	
3.84	10.55	87.40	
3.40	10.59	86.55	
3.60	10.44	87.14	
3.50	10.37	88.27	
2.91	10.29	89.14	
3.18	10.02	89.81	
2.87	10.16	89.52	
2.84	10.35	89.20	
2.83	10.48	89.41	
2.48	10.61	88.42	
2.48	10.74	87.46	
2.27	11.38	84.85	
2.31	10.70	87.53	
2.37	10.74	87.76	
2.36	10.59	87.35	
2.45	10.66	88.84	
2.13	10.94	89.12	
2.10	11.11	88.43	
2.15	11.06	88.71	
2.20	10.95	88.68	
2.09	11.43	87.26	
2.11	11.98	84.13	
2.14	12.49	81.59	
2.22	13.03	78.56	
2.29	13.38	76.85	
2.20	11.16	88.49	
2.22	11.23	88.65	
2.20	10.93	89.19	
2.07	11.16	90.09	
1.89	11.16	90.30	
1.87	11.28	89.64	
1.91	11.54	89.01	
1.97	11.30	88.57	
2.09	10.97	88.28	
2.45	10.33	88.37	
2.35	10.33	88.23	
2.29	10.25	88.26	
2.34	10.26	89.06	
2.43	10.01	89.53	
2.65	9.75	89.58	
2.55	10.07	88.90	
2.19	11.51	84.31	
2.41	14.71	69.77	
2.62	14.72	67.82	
2.66	12.86	74.91	
2.86	11.89	76.30	
2.84	11.02	81.47	
3.42	10.28	86.95	
4.67	9.71	88.47	
6.90	9.15	89.14	
7.10	9.43	89.01	
8.36	9.13	88.66	
13.69	7.82	89.99	
17.26	7.12	90.19	
19.45	6.97	90.23	
11.65	7.82	90.00	
7.82	8.71	89.88	
9.24	8.88	89.88	
7.42	8.30	90.21	
7.11	8.55	90.13	
6.56	8.48	89.73	
6.40	7.99	89.90	
6.64	8.45	89.06	
8.10	8.81	87.78	
7.99	9.75	84.92	
5.23	11.46	77.78	
3.70	12.54	74.23	
5.04	9.95	85.58	
6.71	8.60	88.70	
14.31	7.33	90.12	
15.65	6.94	90.88	
13.52	6.69	90.98	
16.92	6.51	91.35	
16.17	6.24	91.20	
24.26	5.90	91.56	
24.78	5.87	91.49	
21.92	5.96	91.46	
18.28	6.76	91.21	
10.95	6.73	90.76	
8.30	7.34	91.73	
8.79	7.37	92.02	
10.25	6.56	91.92	
12.75	6.68	92.12	
13.57	7.19	90.51	
9.61	11.15	77.01	
8.10	12.42	73.08	
7.15	14.07	67.95	
7.16	14.88	62.72	
7.09	13.41	67.59	
10.71	9.59	83.44	
20.89	7.25	89.18	
21.22	6.58	89.94	
18.14	6.85	90.59	
27.27	6.07	90.99	
30.90	5.39	91.87	
30.50	5.40	91.52	
22.31	6.27	91.06	
26.76	5.84	91.26	
25.54	5.78	91.51	
25.87	5.86	91.36	
24.91	6.13	91.05	
24.31	5.70	91.69	
24.17	6.08	91.31	
22.96	6.12	91.36	
20.42	6.40	91.38	
16.05	7.62	89.95	
9.20	12.03	75.44	
6.93	14.68	66.20	
5.93	12.66	73.43	
7.73	11.82	75.49	
7.64	12.33	72.23	
9.81	10.98	79.27	
9.77	11.06	80.57	
9.64	10.91	79.99	
12.88	10.28	83.44	
17.19	9.23	85.59	
16.73	9.36	84.83	
8.27	11.53	78.18	
7.93	11.36	79.76	
7.75	10.05	78.40	
8.28	10.40	79.96	
4.49	11.71	79.28	
3.86	11.23	81.30	
4.17	10.78	85.12	
2.67	11.15	87.52	
2.71	11.57	86.00	
2.42	11.33	87.36	
2.28	11.49	87.47	
2.37	13.38	76.47	
2.59	14.34	68.81	
2.48	14.40	70.20	
2.66	15.69	63.17	
2.75	15.23	64.07	
2.84	14.21	69.35	
3.10	12.94	74.54	
3.11	12.71	75.65	
3.23	13.57	71.89	
3.00	13.15	74.04	
2.88	13.17	74.56	
2.92	14.43	67.93	
3.03	14.04	68.87	
3.01	12.58	77.70	
2.72	11.08	86.38	
2.61	10.88	88.20	
3.59	10.44	89.58	
2.51	10.76	89.82	
2.24	11.02	89.06	
2.20	11.16	87.98	
2.30	10.91	86.97	
2.27	11.47	85.40	
2.69	11.59	83.99	
2.40	12.54	79.92	
2.74	13.06	76.92	
2.51	13.63	75.42	
2.70	13.08	77.26	
2.63	13.69	75.96	
2.74	12.62	79.53	
2.98	12.21	81.94	
4.90	11.38	83.84	
4.90	10.96	85.53	
6.19	10.31	87.13	
6.32	10.47	86.63	
3.59	10.83	85.52	
3.90	10.76	87.45	
5.73	9.95	88.35	
7.10	9.26	88.85	
5.76	9.59	88.79	
10.83	8.75	89.54	
7.58	8.89	88.73	
7.54	8.98	88.93	
3.65	11.60	82.39	
2.88	15.93	60.27	
10.34	10.65	84.74	
10.06	10.54	83.67	
9.69	11.37	77.50	
7.79	11.36	83.15	
2.88	16.14	60.12	
3.19	13.97	65.59	
3.26	14.46	64.48	
4.25	14.08	61.94	
5.42	11.44	79.87	
6.12	11.45	82.67	
2.58	13.96	72.70	
2.55	11.71	84.26	
2.50	11.41	85.80	
2.81	10.36	84.09	
2.86	10.43	88.25	
2.54	10.13	89.15	
2.63	10.18	88.19	
2.59	10.16	86.25	
2.56	10.01	86.26	
2.54	10.14	84.87	
2.66	9.59	88.01	
2.77	9.69	88.95	
2.88	9.72	89.03	
2.94	9.90	89.97	
2.56	10.30	89.46	
2.70	10.31	88.48	
2.66	9.97	88.61	
2.82	9.65	89.32	
2.88	9.46	88.78	
3.04	9.19	88.84	
3.13	9.16	89.35	
3.02	9.24	89.31	
3.15	9.26	89.08	
2.99	9.19	88.97	
3.28	9.14	89.32	
4.58	8.50	90.05	
4.25	8.52	89.00	
4.26	8.52	89.32	
4.56	8.54	89.89	
4.98	7.80	90.34	
3.50	9.52	87.77	
3.06	11.74	80.70	
2.64	12.85	76.82	
2.73	12.73	75.85	
2.81	13.47	72.01	
2.88	12.48	74.88	
4.29	10.55	84.48	
5.39	9.80	85.71	
3.34	10.44	83.44	
2.95	11.12	82.35	
2.84	11.13	80.00	
2.98	11.16	76.96	
3.01	11.64	74.98	
3.04	11.85	72.91	
3.20	12.25	69.04	
3.31	12.38	67.43	
3.06	11.35	75.54	
2.98	10.45	83.88	
2.97	10.09	86.55	
3.05	9.54	89.15	
2.93	9.55	90.10	
2.73	9.63	87.96	
2.57	10.23	85.33	
2.60	10.52	83.07	
2.66	10.61	81.98	
2.64	11.22	79.29	
2.70	12.02	75.52	
5.97	9.60	89.08	
5.82	10.22	88.50	
5.56	10.30	88.10	
3.67	11.31	88.67	
2.13	11.94	87.75	
2.06	11.91	87.54	
2.89	11.16	87.96	
1.99	12.07	84.59	
1.98	12.27	84.79	
1.93	12.50	84.38	
1.98	11.65	84.99	
1.93	11.53	88.42	
2.05	11.09	88.58	
2.46	10.96	87.76	
3.02	10.36	88.19	
3.42	10.13	88.86	
3.26	10.20	87.74	
3.00	11.25	85.91	
2.60	12.67	80.27	
2.53	13.16	78.75	
2.45	13.87	75.61	
2.57	15.19	67.26	
2.60	14.32	70.09	
2.58	13.35	73.71	
2.75	11.74	79.26	
3.09	11.74	79.05	
2.78	12.13	77.42	
2.70	12.09	79.39	
2.72	11.73	80.55	
2.74	11.70	79.07	
2.99	11.63	76.49	
3.16	11.92	74.21	
3.70	12.65	73.05	
3.47	14.23	66.70	
3.43	12.22	74.74	
3.85	11.53	76.32	
3.58	12.08	72.04	
3.58	10.84	79.34	
3.28	11.49	78.75	
3.36	11.22	76.65	
3.20	12.19	76.41	
3.12	12.38	74.05	
3.07	12.69	72.73	
3.12	12.89	72.22	
3.08	13.08	71.54	
3.34	12.52	73.56	
3.43	12.10	74.79	
3.45	11.88	75.52	
3.57	12.01	75.40	
3.59	11.90	76.11	
3.62	11.64	77.32	
3.53	11.60	77.39	
3.42	11.41	77.46	
3.43	11.26	78.42	
3.43	11.23	78.44	
3.46	11.33	77.98	
3.38	11.47	77.38	
4.15	9.86	75.95	
4.15	9.76	76.07	
4.32	10.57	72.16	
3.63	11.33	77.57	
3.58	11.69	77.59	
3.52	12.00	79.10	
3.48	13.47	71.52	
3.13	15.75	63.82	
3.08	16.61	59.77	
3.12	17.08	58.08	
3.25	16.48	59.29	
3.44	14.74	64.87	
3.75	11.79	75.45	
4.29	11.22	77.24	
4.94	10.90	77.25	
4.69	11.37	76.53	
4.58	11.55	75.45	
4.12	11.63	75.55	
3.98	11.72	74.95	
3.67	11.75	75.24	
3.68	11.71	75.58	
3.55	11.90	74.01	
3.79	10.81	78.35	
3.78	11.05	77.69	
4.16	10.94	72.92	
4.03	10.82	76.64	
3.75	11.31	75.99	
3.56	11.68	74.93	
3.38	13.46	68.01	
3.17	15.48	62.62	
3.06	16.39	59.13	
3.04	16.86	57.40	
3.09	16.97	56.99	
3.27	15.49	61.00	
4.04	12.10	72.19	
4.34	11.70	72.62	
4.23	11.62	72.84	
4.05	11.72	73.77	
4.03	11.71	72.23	
3.88	12.11	70.26	
3.84	11.81	72.27	
3.63	12.21	70.37	
3.57	11.95	71.63	
3.50	11.78	73.12	
3.55	11.70	72.67	
3.71	11.50	72.61	
3.74	11.32	73.54	
3.68	11.45	73.00	
4.34	10.92	74.12	
4.23	11.35	72.48	
3.81	13.14	66.55	
3.44	15.06	61.46	
3.34	15.57	59.78	
3.37	15.01	61.62	
3.45	14.46	62.75	
3.69	13.11	66.97	
4.35	10.61	76.18	
4.39	10.49	75.66	
4.47	10.51	75.06	
4.07	10.86	75.78	
4.11	10.38	74.44	
4.04	10.54	75.26	
4.00	10.55	76.33	
4.40	10.39	77.51	
4.73	9.95	78.04	
5.05	9.97	79.00	
4.75	9.98	75.15	
4.40	9.85	77.03	
4.31	10.26	77.16	
4.28	10.65	75.71	
4.31	10.98	74.55	
4.18	11.64	73.92	
4.13	11.75	72.19	
4.29	11.77	71.96	
4.47	11.82	71.85	
4.37	12.38	70.12	
4.31	11.17	74.83	
4.37	10.66	76.54	
4.77	10.34	76.83	
4.82	10.39	77.55	
4.63	10.58	76.71	
4.59	10.69	75.96	
5.20	9.98	78.13	
5.73	9.73	78.49	
5.84	9.76	77.96	
5.61	9.84	78.75	
5.65	9.91	78.21	
6.31	9.81	78.51	
6.48	9.83	78.31	
6.03	10.29	76.72	
6.05	10.61	76.18	
5.80	10.57	76.62	
6.36	10.31	77.99	
6.43	10.29	79.09	
5.61	12.17	71.81	
5.45	12.73	69.86	
5.53	12.58	70.98	
5.89	12.60	69.84	
6.06	12.00	71.67	
7.22	10.87	77.42	
7.70	9.69	83.68	
7.45	8.84	88.03	
6.83	8.84	88.90	
5.70	8.75	89.98	
4.97	8.98	89.95	
3.51	9.53	87.34	
3.17	10.07	84.87	
3.22	10.34	82.13	
3.25	10.52	79.67	
3.42	10.72	80.08	
3.54	10.76	79.88	
3.75	10.69	79.61	
3.55	11.27	78.53	
3.67	10.68	81.88	
3.67	10.35	84.94	
3.46	10.75	83.41	
3.38	11.90	79.09	
2.37	12.98	77.99	
2.40	12.88	79.11	
2.42	11.67	84.51	
2.66	11.02	86.07	
2.56	11.39	85.12	
2.56	11.17	85.11	
2.46	11.20	85.92	
2.50	10.83	86.20	
2.51	10.87	85.51	
2.46	10.75	85.76	
2.51	10.60	87.67	
2.41	10.72	87.30	
2.74	10.24	88.46	
3.11	10.00	89.30	
4.97	9.46	89.17	
5.50	8.97	89.12	
4.26	8.89	89.68	
3.32	10.27	87.92	
2.74	12.91	77.69	
3.63	12.67	80.15	
3.49	12.01	84.01	
3.15	11.23	86.04	
3.15	11.19	86.59	
2.92	10.59	88.18	
2.76	10.35	89.31	
2.70	10.26	89.83	
2.70	10.30	89.86	
2.39	10.48	89.62	
2.45	10.27	90.07	
2.30	10.49	89.89	
2.29	10.47	89.62	
2.48	10.50	89.72	
2.32	10.75	89.54	
1.80	11.56	89.64	
1.63	12.21	88.69	
1.65	12.07	89.09	
4.27	11.17	88.39	
16.28	8.72	88.80	
13.17	8.61	87.79	
6.13	9.42	86.97	
9.30	9.18	88.57	
9.02	9.03	88.08	
10.39	9.76	88.62	
10.51	10.79	87.28	
5.27	12.21	83.46	
3.64	12.41	84.24	
3.30	12.40	83.31	
3.63	11.78	84.13	
6.54	11.02	87.17	
16.21	9.03	88.42	
23.97	7.44	89.36	
30.60	6.33	90.15	
27.25	6.86	89.65	
20.49	8.07	88.39	
13.07	9.33	87.97	
8.56	9.63	88.53	
10.56	9.55	89.11	
11.61	9.41	89.06	
11.38	9.41	88.80	
8.89	9.89	88.60	
6.81	9.60	88.85	
5.32	9.66	88.94	
5.27	9.59	89.31	
6.15	9.53	89.64	
4.14	9.75	89.55	
3.25	10.08	89.61	
3.43	9.98	89.88	
3.30	10.17	89.25	
3.44	10.38	88.76	
2.88	10.68	88.32	
2.50	10.67	87.95	
2.72	10.39	88.55	
2.95	9.98	88.70	
3.70	9.73	88.87	
6.56	9.22	89.16	
12.87	8.44	89.49	
17.39	7.84	89.42	
23.07	7.06	89.90	
27.16	6.54	90.15	
29.70	6.12	90.38	
16.97	8.02	88.48	
11.77	8.95	88.89	
9.27	9.14	89.50	
12.80	7.75	90.41	
13.99	7.91	90.52	
15.68	7.43	90.46	
15.53	7.92	89.99	
16.52	7.80	90.03	
14.97	8.14	89.95	
13.74	8.71	89.32	
6.78	10.36	87.23	
5.63	10.86	86.37	
4.68	11.29	85.06	
4.73	11.72	82.52	
4.57	11.55	83.61	
6.77	10.87	84.86	
6.57	9.98	87.12	
6.07	10.06	87.61	
7.37	9.91	88.10	
8.98	9.49	88.57	
16.12	8.30	89.26	
9.88	8.75	88.40	
11.45	8.74	88.82	
14.32	8.29	89.22	
12.49	7.87	88.99	
8.59	8.89	89.30	
11.94	8.49	89.53	
3.24	10.50	83.65	
3.75	10.35	87.87	
3.33	10.39	89.80	
3.66	9.51	89.59	
3.54	10.28	89.59	
2.50	10.20	90.18	
2.44	10.26	90.31	
2.30	10.40	89.26	
2.66	10.45	88.76	
2.69	10.76	88.01	
2.24	11.18	86.78	
2.24	11.17	87.67	
2.28	11.18	87.80	
1.97	11.37	87.99	
1.97	11.37	89.22	
1.89	11.39	89.33	
1.86	11.24	89.60	
1.83	11.36	89.58	
1.77	11.35	89.42	
1.69	11.68	88.89	
1.70	11.76	88.43	
1.74	11.83	87.61	
1.74	12.19	85.68	
1.78	12.14	86.05	
1.89	12.36	84.00	
1.98	12.92	80.34	
2.27	15.08	70.29	
2.43	15.14	68.82	
2.38	13.87	73.80	
2.51	14.18	71.76	
2.51	13.55	74.39	
2.48	13.30	77.01	
2.46	12.42	80.96	
2.77	12.16	82.30	
3.29	11.57	84.07	
3.62	11.37	85.23	
5.11	10.11	88.20	
5.26	9.90	88.73	
3.48	10.91	86.35	
4.26	11.24	86.76	
4.31	11.15	86.83	
4.48	10.97	86.71	
4.17	10.78	87.47	
4.28	10.22	88.13	
5.17	9.86	88.31	
5.08	9.50	88.99	
3.93	9.94	88.93	
3.04	10.66	87.80	
3.89	11.05	86.39	
4.66	11.91	82.27	
3.74	13.79	73.94	
3.21	15.61	66.45	
3.57	13.87	71.54	
3.52	13.25	69.49	
3.47	13.78	68.43	
3.35	12.91	74.93	
3.26	12.21	78.19	
5.63	9.68	86.79	
12.23	8.58	89.35	
23.86	6.85	90.29	
16.43	8.56	87.57	
3.35	11.84	81.92	
3.50	11.26	85.60	
6.88	8.67	88.64	
6.78	8.58	89.51	
6.30	8.80	89.69	
6.75	8.40	90.09	
8.90	7.89	90.18	
7.56	8.72	89.48	
6.53	8.71	89.58	
5.31	9.31	89.02	
6.09	9.41	87.93	
6.36	10.25	86.58	
5.03	11.46	81.32	
4.44	12.91	75.70	
5.12	13.42	72.28	
5.13	13.87	69.30	
5.56	13.21	72.19	
6.36	12.31	75.87	
8.24	11.64	77.90	
9.32	9.98	84.98	
16.78	8.12	89.14	
21.17	7.00	89.98	
22.24	6.67	90.44	
31.03	5.73	90.71	
34.59	5.24	91.45	
35.08	5.20	91.24	
33.63	5.36	90.86	
33.26	5.26	91.34	
31.70	5.37	91.02	
31.81	5.39	90.78	
27.40	5.75	91.06	
20.93	6.88	90.83	
13.29	8.44	90.56	
10.44	8.63	90.77	
9.39	9.17	90.49	
10.38	8.90	90.17	
9.19	9.04	89.68	
3.41	16.79	56.95	
3.43	16.77	55.54	
3.17	17.86	53.80	
3.17	19.16	49.44	
3.12	18.70	51.71	
3.25	17.70	54.65	
3.55	16.05	58.68	
4.14	14.03	64.29	
4.74	12.46	68.96	
5.01	11.72	71.74	
4.90	11.49	72.98	
4.71	11.52	73.63	
5.06	11.00	75.22	
5.33	10.88	75.75	
5.92	10.20	75.89	
5.85	10.72	76.03	
5.74	10.89	75.59	
5.74	10.87	75.62	
6.18	10.05	77.85	
6.15	10.34	78.06	
6.27	10.27	77.34	
6.76	10.06	78.87	
6.75	10.08	79.48	
6.69	10.20	78.80	
5.65	12.18	71.94	
4.17	15.66	60.74	
3.66	17.03	57.54	
3.30	18.43	53.91	
3.02	20.22	49.42	
3.18	18.99	52.18	
3.54	17.09	56.57	
4.10	14.87	61.65	
4.83	13.07	67.18	
5.32	12.03	70.09	
5.64	11.48	72.90	
5.64	11.31	74.18	
5.53	11.30	74.67	
5.52	10.79	77.44	
8.25	10.02	80.57	
6.51	9.40	81.92	
5.96	10.52	79.19	
6.18	10.51	78.65	
6.55	9.52	82.05	
7.99	8.63	85.62	
12.26	7.42	88.47	
9.91	7.12	88.54	
10.96	7.13	90.23	
13.87	7.29	90.11	
8.56	10.85	75.33	
3.56	18.59	54.34	
3.13	19.04	53.20	
3.04	21.03	47.83	
3.11	22.20	45.51	
3.23	20.52	49.75	
3.16	19.43	51.87	
3.99	16.23	59.32	
5.33	13.11	68.51	
8.02	11.28	74.22	
7.84	10.90	75.71	
8.25	10.25	79.18	
8.51	9.67	82.03	
6.62	10.17	76.71	
6.19	10.78	77.76	
5.48	12.05	74.72	
6.36	11.55	76.40	
11.58	10.02	83.67	
8.63	9.59	86.55	
7.07	9.95	86.45	
7.09	10.37	86.13	
6.66	10.05	86.69	
6.60	10.41	86.39	
6.83	10.29	85.71	
6.79	10.40	86.35	
6.97	10.78	85.51	
16.22	9.33	87.94	
14.47	9.87	86.62	
9.34	11.15	84.15	
8.78	11.45	85.27	
8.59	10.99	85.31	
13.09	9.83	88.09	
11.07	9.99	87.95	
12.73	9.52	88.37	
9.82	10.42	88.05	
6.12	11.22	86.99	
10.28	10.42	88.01	
12.69	9.66	87.94	
16.74	8.77	88.36	
14.42	9.30	87.65	
10.89	9.76	87.01	
11.09	9.64	87.90	
11.60	8.93	88.80	
9.40	9.43	88.41	
9.15	9.85	88.11	
7.73	10.09	87.52	
9.78	9.60	88.54	
13.77	9.01	88.88	
15.04	9.06	88.28	
14.28	9.48	87.93	
10.89	10.33	87.18	
6.44	11.00	86.29	
5.41	11.30	86.01	
4.02	11.36	85.02	
2.83	11.62	83.59	
2.58	11.69	83.30	
2.64	11.22	82.95	
3.15	11.05	82.75	
3.71	11.22	81.47	
3.31	11.56	79.93	
3.06	11.84	78.88	
4.27	11.68	78.83	
3.87	11.64	78.17	
4.13	11.58	79.43	
7.27	10.83	81.78	
3.29	10.40	85.15	
2.96	10.51	87.28	
2.98	10.75	85.42	
2.96	9.93	85.94	
3.18	10.28	87.13	
3.31	9.67	87.12	
3.20	9.68	88.13	
3.07	10.17	87.06	
2.67	11.03	82.59	
2.50	11.23	82.62	
2.65	11.92	78.25	
2.77	11.19	79.94	
2.91	13.32	70.00	
2.98	13.80	66.40	
3.02	11.40	78.51	
3.34	9.90	86.13	
3.75	9.71	86.13	
3.44	9.45	88.68	
3.40	9.28	90.50	
3.14	8.98	90.30	
3.21	8.78	90.01	
3.25	8.79	90.08	
3.17	8.62	89.43	
3.25	8.43	89.35	
3.79	8.22	89.23	
3.34	8.34	88.75	
3.22	8.51	88.95	
3.26	8.61	88.89	
3.15	8.49	88.75	
3.37	8.45	89.92	
3.64	8.39	89.78	
3.39	8.86	88.09	
3.24	9.62	86.17	
3.59	9.11	88.05	
3.33	9.06	87.87	
4.06	8.69	88.09	
3.92	8.17	89.10	
4.06	7.78	88.78	
3.98	8.09	86.52	
4.26	7.73	85.36	
4.65	7.70	85.11	
4.96	7.67	84.74	
4.92	7.74	86.04	
5.62	7.37	88.96	
5.26	7.47	89.55	
5.20	7.12	90.07	
5.02	7.10	90.15	
4.92	7.09	89.64	
4.95	7.39	89.76	
4.98	7.22	90.00	
5.29	6.94	90.06	
5.30	6.92	89.70	
4.55	7.56	87.33	
4.47	7.31	87.79	
5.49	7.02	88.78	
5.97	8.00	84.04	
4.52	11.51	72.13	
5.00	10.26	79.32	
5.21	9.83	80.46	
4.94	9.93	77.30	
4.83	11.04	76.62	
5.19	10.49	77.97	
6.46	9.40	81.94	
10.57	8.48	85.39	
12.22	7.33	88.50	
16.36	6.79	90.77	
17.44	6.61	91.18	
21.39	6.34	91.30	
26.40	5.90	91.45	
17.22	6.59	89.07	
15.93	7.09	90.22	
12.71	7.36	90.14	
14.07	6.58	89.74	
13.09	6.91	91.61	
15.31	5.92	91.99	
14.82	5.61	92.10	
11.80	5.22	92.02	
11.04	5.28	92.13	
18.68	5.41	92.58	
10.78	6.64	88.42	
7.44	10.27	78.21	
7.80	11.66	76.10	
8.09	11.72	70.23	
5.01	12.66	69.31	
5.30	12.25	69.71	
5.90	11.52	71.71	
8.32	9.69	78.24	
12.86	8.32	85.41	
10.45	7.44	87.10	
15.87	6.87	90.42	
16.32	6.55	90.88	
14.21	6.46	90.73	
12.71	7.07	91.27	
9.36	6.44	89.28	
9.05	6.66	88.92	
7.85	6.66	86.46	
7.28	6.64	87.01	
6.16	7.63	84.46	
5.24	8.28	81.75	
5.41	8.28	82.72	
5.16	8.35	82.38	
5.44	8.12	81.95	
5.36	8.61	80.51	
4.87	9.74	75.54	
4.33	11.31	70.82	
3.97	12.86	66.12	
3.93	13.37	64.53	
3.87	13.80	63.64	
4.11	12.95	65.85	
4.37	11.59	70.22	
4.69	10.81	72.02	
4.92	10.17	74.02	
5.99	9.66	75.68	
6.44	9.70	75.18	
6.08	9.82	75.15	
7.09	9.54	77.23	
6.53	9.70	75.92	
6.11	9.27	77.28	
5.25	9.91	76.17	
5.54	9.58	76.40	
5.85	9.11	78.68	
5.87	8.88	78.71	
5.98	8.79	80.09	
6.14	8.59	81.10	
6.23	8.48	81.49	
6.36	8.71	81.47	
6.69	8.96	80.93	
7.48	9.11	79.78	
9.43	9.14	79.87	
9.51	9.76	78.42	
7.18	11.56	72.28	
7.48	12.05	71.80	
8.27	11.25	76.57	
10.73	9.78	83.07	
10.79	9.49	85.15	
12.30	9.06	87.14	
13.94	8.32	90.08	
5.29	8.77	90.40	
5.52	8.80	90.97	
12.73	7.77	91.34	
5.52	7.35	90.52	
4.04	8.65	91.01	
3.52	8.82	90.86	
3.16	8.15	90.39	
3.40	8.62	91.29	
9.71	7.15	91.17	
13.02	6.27	90.41	
12.93	5.87	90.59	
10.21	5.92	90.53	
8.47	5.75	89.40	
7.71	6.61	89.40	
7.18	7.46	87.39	
4.87	8.33	84.01	
4.30	9.21	81.14	
3.89	10.80	71.85	
4.49	9.94	73.43	
4.89	9.36	77.13	
4.39	10.30	74.19	
4.29	10.14	78.46	
3.98	10.14	81.03	
3.90	9.46	83.65	
3.78	9.46	85.61	
3.12	9.06	91.61	
2.89	9.70	91.40	
2.71	9.79	91.27	
2.62	9.82	91.43	
2.43	9.96	91.33	
2.33	10.29	89.12	
2.30	10.36	89.32	
2.32	10.35	89.41	
33.13	5.91	89.73	
3.54	9.66	75.48	
3.84	10.50	87.24	
3.13	11.52	86.88	
4.78	7.35	84.34	
4.85	10.72	89.18	
3.68	10.51	86.74	
2.32	10.49	88.41	
2.23	10.97	87.67	
2.20	10.75	87.80	
2.24	11.06	85.23	
2.28	11.86	80.12	
2.38	12.17	76.52	
2.49	12.46	73.70	
2.49	11.43	78.44	
2.44	10.59	86.69	
2.54	10.21	88.77	
2.53	10.10	89.65	
2.41	10.16	90.25	
2.46	9.95	90.39	
2.54	9.72	89.81	
2.55	9.65	89.87	
2.56	9.78	89.53	
2.58	9.71	89.61	
2.66	9.72	89.75	
2.70	9.74	89.48	
3.29	9.27	89.51	
3.17	9.14	89.33	
3.80	8.93	89.38	
5.30	8.93	89.22	
5.69	8.66	89.07	
5.72	8.84	89.54	
6.76	8.73	89.65	
10.24	8.40	89.77	
9.12	8.50	89.46	
10.25	8.50	89.78	
9.01	8.66	89.54	
7.80	8.77	89.48	
8.01	9.22	89.42	
13.86	8.48	89.69	
19.31	7.67	89.78	
15.30	8.26	89.02	
11.26	9.01	88.63	
7.75	9.65	88.00	
6.35	9.75	87.66	
3.85	11.09	85.38	
3.89	11.48	82.67	
4.57	10.94	84.23	
5.04	10.53	84.02	
4.82	10.41	85.11	
3.57	10.23	86.01	
3.66	9.90	85.98	
3.92	9.60	85.30	
3.87	9.52	83.95	
3.32	9.96	81.36	
3.14	10.28	79.19	
3.21	10.34	79.01	
3.41	9.85	80.13	
3.29	10.15	78.53	
3.32	10.10	78.51	
3.37	9.45	83.67	
3.57	9.08	84.76	
3.52	9.22	83.62	
3.32	10.57	77.79	
3.29	10.99	75.33	
3.38	10.41	77.73	
3.59	8.83	86.88	
3.48	8.66	89.60	
3.30	8.83	90.13	
3.09	9.03	90.90	
2.97	8.97	91.50	
3.21	8.82	91.08	
3.28	9.29	90.61	
2.96	9.87	89.52	
3.22	9.87	89.41	
3.92	9.53	89.76	
4.95	9.17	89.03	
4.17	8.63	88.81	
3.71	8.62	88.17	
3.83	8.51	88.92	
2.88	9.49	88.08	
2.38	10.87	85.22	
2.48	10.70	86.17	
2.55	10.35	85.82	
2.61	10.01	86.41	
2.57	10.13	87.03	
2.51	10.07	86.91	
2.49	10.19	86.43	
2.52	10.18	86.44	
2.40	10.85	83.27	
2.43	10.42	85.82	
2.27	12.14	80.35	
2.49	13.75	70.18	
2.61	14.07	68.46	
2.71	13.62	68.04	
2.71	10.67	83.64	
2.75	11.45	82.10	
2.90	10.95	82.60	
3.39	10.65	85.76	
2.86	10.94	82.50	
3.27	10.36	83.88	
4.18	9.83	86.80	
3.38	9.58	87.26	
2.80	10.39	85.91	
2.61	10.47	85.99	
2.64	10.15	86.07	
2.67	9.80	88.53	
2.79	9.60	89.62	
2.84	9.35	90.08	
2.88	9.24	90.31	
2.88	9.29	90.32	
2.92	9.27	89.57	
2.82	9.49	89.07	
2.76	10.05	87.81	
2.43	10.61	86.42	
2.34	10.59	87.37	
2.43	10.59	87.14	
2.55	10.03	88.30	
2.61	9.99	89.09	
2.61	10.19	88.51	
2.91	10.06	88.49	
4.04	8.89	89.70	
12.37	7.60	90.37	
7.15	7.68	89.45	
10.12	7.93	90.15	
4.19	8.81	89.37	
4.12	8.28	89.96	
3.80	9.08	90.64	
4.42	8.26	90.22	
4.53	8.73	90.43	
4.82	8.12	90.44	
4.14	8.16	90.56	
3.80	8.54	89.78	
3.76	8.77	90.01	
4.32	8.60	90.07	
4.79	8.53	89.95	
3.85	8.81	89.25	
3.18	9.57	86.69	
2.82	10.76	81.48	
2.75	12.54	74.10	
4.38	10.91	80.93	
3.46	10.93	79.77	
3.23	11.61	74.99	
3.15	11.89	75.77	
3.26	11.40	75.37	
3.44	11.18	77.10	
4.97	10.39	80.52	
6.13	9.89	82.55	
5.78	9.51	84.55	
4.94	9.89	84.20	
8.18	7.92	89.26	
14.70	6.82	91.00	
17.20	6.21	90.93	
17.41	6.46	91.46	
18.42	6.26	91.73	
19.63	5.83	91.86	
20.94	6.09	91.69	
20.76	6.00	91.82	
21.01	6.19	91.71	
17.56	6.61	91.49	
15.39	7.21	91.15	
14.99	7.95	90.14	
16.59	8.15	88.99	
11.93	9.77	84.55	
7.61	11.78	77.16	
6.33	12.36	74.69	
5.43	12.69	70.88	
4.55	12.55	71.43	
5.36	11.57	76.25	
5.83	10.88	78.55	
5.51	9.57	85.12	
7.37	9.30	87.43	
10.01	8.79	88.05	
14.83	8.30	89.72	
17.96	7.86	89.93	
19.88	7.18	90.22	
20.92	7.26	90.08	
20.09	7.35	89.84	
13.97	8.38	89.10	
11.91	8.67	89.28	
9.61	8.91	89.00	
9.13	8.80	89.06	
8.20	9.08	89.08	
7.32	8.67	88.98	
5.96	9.16	88.06	
4.95	9.53	86.83	
4.13	10.17	85.31	
3.72	10.39	84.33	
3.49	10.78	83.86	
3.18	10.85	82.98	
3.07	10.83	83.52	
3.25	10.59	84.48	
3.19	10.35	86.13	
3.50	9.92	88.23	
3.65	9.61	89.50	
3.28	9.60	89.64	
3.16	9.66	90.12	
2.72	9.75	90.31	
2.78	9.71	90.06	
2.83	9.69	90.12	
2.71	9.63	89.84	
2.77	9.38	89.97	
2.78	9.18	89.83	
2.95	8.74	90.11	
3.06	8.72	89.85	
2.98	8.71	89.98	
3.18	8.79	89.98	
3.26	8.73	89.65	
3.02	9.23	89.11	
2.74	10.21	86.69	
2.49	11.21	83.09	
2.46	11.70	80.86	
2.52	14.29	69.42	
2.61	13.66	70.38	
2.58	12.35	76.91	
2.85	12.54	72.24	
2.96	10.88	81.77	
2.86	10.98	82.57	
4.06	9.41	85.87	
4.55	8.99	88.28	
6.74	7.91	89.86	
9.84	7.91	90.10	
7.75	7.97	88.58	
6.44	7.89	89.66	
8.40	7.69	89.35	
9.96	7.49	88.69	
8.84	8.02	88.53	
10.25	7.55	90.29	
12.10	6.89	90.86	
12.21	6.54	91.22	
8.90	6.91	91.50	
8.16	6.95	91.70	
6.75	7.08	91.46	
5.96	8.83	86.86	
4.11	14.35	66.92	
3.47	15.83	61.54	
3.39	16.35	59.74	
3.39	18.18	53.05	
3.19	17.75	53.22	
3.23	16.99	54.86	
3.59	14.45	61.05	
3.95	12.79	66.70	
6.67	9.76	79.32	
7.26	8.71	84.49	
8.07	8.10	85.66	
7.90	7.90	87.49	
7.09	7.80	86.32	
6.87	7.59	87.53	
4.84	8.22	84.86	
5.50	7.99	85.50	
5.85	7.74	88.10	
7.81	7.32	89.34	
9.60	7.34	89.51	
7.48	6.88	90.05	
6.47	7.52	89.25	
5.11	7.82	86.72	
4.24	9.38	80.70	
3.87	10.58	76.25	
3.68	11.25	74.85	
3.78	11.84	72.45	
3.45	12.53	70.83	
3.24	13.64	67.35	
3.20	14.25	64.97	
3.21	13.29	68.06	
3.57	10.58	82.61	
4.45	9.34	89.61	
4.18	9.14	90.46	
4.75	9.10	91.40	
4.95	9.45	91.44	
5.57	9.28	90.64	
3.74	9.23	90.01	
5.44	8.82	90.01	
4.63	8.85	89.48	
3.99	8.90	89.66	
4.82	9.09	89.90	
3.66	8.99	89.54	
3.70	9.18	89.72	
3.36	9.36	89.48	
3.63	9.02	89.76	
4.07	9.14	89.59	
3.38	9.64	88.32	
2.89	10.33	87.08	
2.65	11.15	84.39	
2.56	11.91	80.36	
2.61	11.88	80.60	
2.68	11.34	82.48	
2.63	11.40	82.00	
2.64	10.98	85.08	
2.96	10.56	86.95	
4.12	9.72	88.96	
5.66	9.61	89.05	
4.98	9.23	89.70	
3.27	9.64	89.66	
4.47	9.33	89.68	
6.11	9.12	89.10	
6.52	8.56	89.50	
3.62	9.29	89.27	
3.18	9.25	89.65	
3.28	9.17	90.47	
3.14	8.50	90.19	
3.79	7.80	91.47	
4.36	7.35	91.21	
5.50	7.00	90.85	
7.76	7.09	91.03	
7.42	7.30	90.59	
5.74	8.02	90.14	
3.95	8.98	89.41	
3.26	9.56	88.67	
3.27	9.92	88.28	
3.09	10.19	87.12	
4.22	9.91	87.15	
8.07	9.38	87.43	
5.16	9.63	84.95	
5.98	9.54	85.06	
7.54	8.68	86.82	
5.52	8.61	83.39	
7.28	8.70	86.13	
6.94	8.46	85.71	
6.81	8.22	85.05	
5.81	8.83	84.92	
4.83	9.00	83.37	
4.28	9.23	82.53	
3.90	9.53	81.26	
4.07	8.46	86.79	
3.97	8.26	88.69	
4.13	7.75	89.29	
3.73	8.42	87.81	
3.62	8.52	86.11	
3.60	8.81	84.20	
3.66	8.66	83.04	
3.61	9.32	81.65	
3.69	9.53	80.88	
3.53	9.71	80.82	
3.58	10.08	78.00	
3.65	10.45	76.13	
3.77	9.71	79.45	
4.19	9.30	81.08	
4.89	8.85	81.54	
4.94	8.41	85.08	
4.85	7.84	88.14	
5.40	7.92	86.58	
5.04	7.61	87.88	
5.40	7.82	88.44	
5.37	7.69	87.18	
4.98	7.97	85.43	
4.85	8.18	85.04	
4.54	8.36	82.88	
4.64	8.35	82.89	
4.58	8.32	83.66	
4.81	8.01	84.23	
4.82	7.94	83.73	
4.82	8.21	82.46	
4.63	9.06	79.10	
3.99	11.17	70.76	
3.72	13.26	64.64	
3.73	13.32	64.71	
3.78	13.45	63.51	
3.82	13.59	62.14	
3.99	12.88	64.10	
4.22	12.34	65.13	
4.43	12.05	65.56	
4.61	11.56	67.14	
4.66	11.59	67.32	
4.66	11.50	67.93	
4.62	10.97	70.95	
4.73	9.98	75.88	
4.60	10.14	75.32	
4.96	8.78	81.71	
4.75	7.93	87.05	
4.24	9.19	79.73	
4.17	10.07	75.31	
4.06	10.29	75.51	
4.10	9.46	76.99	
4.51	8.39	82.67	
4.05	9.85	77.09	
4.16	9.77	76.32	
4.05	10.03	76.89	
3.98	10.17	74.39	
3.95	10.58	74.15	
4.15	9.65	80.97	
4.35	8.94	85.44	
4.08	9.71	81.15	
4.04	10.60	76.32	
4.17	10.61	75.93	
4.67	10.66	74.74	
6.03	9.87	76.89	
6.84	9.69	78.88	
7.71	9.43	80.09	
6.39	9.82	79.55	
6.65	9.69	79.33	
5.17	9.73	79.40	
4.57	9.60	79.58	
4.69	9.33	81.03	
4.79	9.14	80.85	
4.66	9.15	81.00	
4.49	8.97	80.95	
4.59	8.63	81.98	
4.77	8.25	84.41	
5.27	7.79	85.67	
5.60	7.72	85.23	
4.93	8.69	81.45	
3.81	11.80	70.54	
3.20	16.02	58.04	
2.80	19.14	52.58	
2.52	21.17	47.63	
2.38	22.63	44.31	
2.51	21.91	45.35	
2.54	21.94	45.21	
2.76	21.18	46.04	
2.96	19.54	50.02	
3.25	17.75	53.95	
3.42	16.13	58.29	
3.60	14.81	62.40	
3.59	14.45	63.60	
3.50	14.58	63.38	
3.36	14.61	63.88	
3.32	14.01	65.56	
3.34	13.46	67.48	
3.34	12.60	70.30	
3.47	11.56	74.79	
3.62	10.83	77.37	
3.44	11.07	76.60	
3.48	11.33	75.92	
3.35	12.01	74.02	
3.21	13.81	67.49	
3.28	15.08	64.08	
2.89	19.72	51.46	
2.58	22.33	45.30	
2.35	23.17	43.79	
2.19	24.79	40.29	
2.27	24.23	41.33	
2.39	23.83	42.27	
2.65	22.68	43.90	
2.85	21.00	47.34	
3.21	18.46	52.10	
3.57	16.24	57.35	
3.70	15.05	60.56	
4.12	14.32	63.48	
4.07	14.54	63.10	
4.10	14.44	63.83	
4.46	13.87	66.22	
4.72	13.73	66.25	
5.20	13.39	68.15	
6.62	12.36	72.21	
7.34	12.18	72.61	
7.32	12.28	72.51	
7.62	11.63	75.25	
3.09	19.30	51.04	
2.79	21.20	46.56	
2.52	22.00	45.51	
2.37	24.30	40.19	
2.15	24.98	39.47	
2.12	25.37	38.90	
2.11	25.99	37.65	
2.18	25.49	38.48	
2.25	25.05	39.30	
2.55	23.22	42.41	
2.73	22.01	44.71	
3.04	20.48	47.52	
3.16	19.39	50.04	
3.31	18.51	51.91	
3.23	18.70	51.79	
3.22	18.60	52.36	
3.29	18.07	53.90	
3.39	17.46	55.54	
3.30	17.64	55.19	
3.30	17.58	55.52	
3.31	17.33	56.26	
3.47	16.72	57.81	
3.39	17.08	57.03	
3.32	17.26	56.50	
3.16	18.45	53.60	
2.90	20.61	48.41	
2.73	21.58	46.50	
2.48	23.15	43.44	
2.26	24.90	39.97	
2.14	25.46	39.07	
2.19	25.07	39.69	
2.15	25.78	38.25	
2.17	25.89	37.80	
2.34	24.47	40.44	
2.54	23.52	41.83	
2.81	21.88	44.87	
2.96	20.77	47.34	
3.08	20.26	48.28	
3.01	20.19	48.94	
2.98	20.28	48.83	
2.94	20.56	48.31	
2.96	20.29	48.82	
3.12	19.30	51.20	
3.14	19.18	51.41	
3.24	18.43	53.01	
3.22	18.61	52.82	
3.34	18.46	53.07	
3.53	17.39	56.13	
3.32	18.49	53.39	
2.67	22.49	44.49	
2.33	24.37	40.93	
2.11	25.78	38.19	
2.01	26.81	35.97	
1.96	27.39	34.86	
1.95	27.92	33.83	
2.01	27.79	34.01	
2.07	27.23	35.05	
2.34	25.20	38.77	
2.52	23.96	41.10	
2.81	22.53	43.54	
3.04	21.09	46.84	
3.18	20.28	48.41	
3.20	19.44	50.77	
3.32	18.13	54.17	
3.97	16.01	59.99	
4.49	13.29	71.84	
3.81	14.30	69.55	
3.43	14.42	69.37	
3.22	14.50	69.70	
3.22	14.47	69.12	
3.21	13.70	72.42	
3.30	12.74	78.35	
3.39	13.72	74.09	
3.45	14.85	69.29	
3.42	15.46	67.99	
3.04	17.02	61.93	
2.93	17.25	60.54	
2.74	18.40	57.28	
2.86	17.85	58.34	
2.80	18.01	58.17	
3.06	16.78	61.98	
3.09	15.70	66.85	
3.04	15.25	68.21	
3.14	14.11	73.89	
3.48	14.07	74.52	
3.97	13.48	75.90	
5.77	12.88	78.84	
9.81	11.16	83.17	
10.71	10.26	84.64	
10.81	9.66	85.61	
10.19	9.53	86.18	
10.11	9.12	86.84	
8.53	9.08	87.67	
9.03	8.85	87.82	
8.41	8.60	87.76	
11.52	8.05	88.98	
8.22	9.09	88.57	
3.31	15.99	65.01	
2.84	17.98	59.08	
2.99	16.08	65.14	
4.58	11.86	82.25	
5.17	11.97	82.06	
7.27	12.23	82.27	
9.14	12.80	81.77	
5.69	15.30	71.01	
2.66	21.43	48.70	
2.70	13.37	73.61	
3.13	12.45	80.52	
3.35	12.71	71.98	
11.15	10.76	85.45	
9.20	11.38	83.60	
7.76	11.71	80.79	
3.52	13.17	77.67	
3.82	11.78	80.07	
4.20	11.47	83.43	
3.67	11.38	82.36	
3.40	11.64	83.50	
3.30	11.64	83.23	
3.62	11.26	83.89	
4.31	10.42	86.31	
4.69	10.44	86.08	
3.92	13.55	73.25	
3.39	15.20	67.61	
2.90	17.53	60.08	
2.71	20.47	50.40	
2.60	21.43	47.69	
2.42	23.22	43.77	
2.21	25.04	39.92	
2.16	25.11	39.56	
2.52	22.61	43.99	
2.98	20.03	49.45	
3.48	17.75	54.69	
11.91	12.30	73.05	
7.17	13.77	65.57	
4.58	14.37	66.33	
3.34	14.35	69.92	
3.55	12.88	70.68	
3.44	12.44	75.73	
3.74	11.80	78.43	
4.44	10.82	83.13	
3.68	11.68	79.47	
3.41	12.08	78.58	
2.97	13.50	72.90	
2.95	15.74	62.35	
2.97	16.38	60.28	
2.97	17.11	57.85	
3.07	17.60	56.07	
3.72	15.95	62.46	
3.02	13.60	74.76	
2.92	13.31	78.72	
3.29	12.92	81.39	
3.26	13.30	79.25	
3.27	11.67	86.48	
2.83	11.69	86.02	
3.01	11.81	82.91	
2.94	11.61	84.04	
2.89	11.13	86.05	
3.08	11.16	85.71	
2.82	10.97	86.52	
2.67	10.95	87.30	
2.43	11.08	86.53	
2.65	10.62	86.85	
3.03	10.11	87.86	
2.64	10.46	86.73	
2.53	10.78	86.25	
2.62	10.47	86.58	
3.19	9.37	87.71	
3.89	8.72	88.53	
3.09	9.62	87.98	
2.58	15.57	66.06	
2.62	16.50	62.48	
2.60	19.45	53.73	
2.69	19.60	51.24	
2.50	21.30	47.77	
2.34	23.95	41.84	
2.20	24.49	40.81	
2.40	23.13	43.18	
2.69	20.82	47.91	
2.91	19.61	50.40	
3.20	17.59	55.44	
3.62	15.55	61.54	
3.84	14.99	62.65	
4.12	13.01	69.43	
3.90	12.31	73.59	
4.05	12.03	74.43	
3.73	11.60	77.64	
3.67	11.04	80.80	
3.60	10.81	83.16	
3.46	10.84	82.59	
3.29	11.00	81.81	
3.21	11.18	80.06	
3.12	12.15	74.68	
2.89	18.27	53.25	
2.86	19.15	50.73	
2.71	19.90	49.63	
2.85	19.25	50.34	
2.94	15.11	64.58	
2.82	13.95	72.63	
2.79	12.86	77.81	
2.72	13.23	77.36	
2.72	12.59	78.89	
2.86	11.02	87.29	
3.13	10.82	87.35	
10.88	9.71	88.24	
2.85	10.59	86.91	
2.74	10.46	88.13	
3.00	10.27	87.85	
4.79	8.51	87.27	
3.40	9.41	88.94	
2.81	9.86	87.68	
7.13	8.94	88.83	
4.07	8.35	88.67	
3.11	9.27	89.21	
3.17	9.62	89.08	
3.39	8.57	89.24	
3.65	9.64	88.59	
3.04	13.01	76.73	
2.68	14.83	69.67	
2.55	16.64	63.28	
2.60	18.99	54.46	
2.61	19.94	51.91	
2.45	22.43	46.20	
2.28	23.97	42.48	
2.13	24.87	40.47	
2.55	21.31	47.44	
2.72	20.07	50.35	
3.12	18.13	54.66	
3.02	16.59	61.53	
3.03	14.83	67.91	
2.95	13.54	74.22	
3.27	11.83	80.97	
4.10	11.07	83.98	
6.25	10.35	84.91	
7.86	9.87	85.81	
7.72	9.53	86.43	
6.26	9.45	86.19	
6.92	9.01	87.03	
6.57	8.87	87.42	
6.03	8.89	88.16	
4.01	10.40	86.74	
2.75	15.94	65.37	
2.71	17.07	61.52	
2.74	18.31	57.92	
2.78	20.03	52.13	
2.41	22.57	46.12	
2.11	25.28	40.34	
1.95	26.32	38.20	
1.99	25.99	38.66	
2.27	23.82	42.71	
2.52	22.76	44.76	
2.89	21.12	47.96	
3.65	18.27	55.07	
4.27	17.60	56.02	
4.20	16.28	59.35	
3.44	15.63	62.79	
3.17	16.11	60.82	
3.45	13.45	70.50	
3.39	12.97	73.40	
3.33	11.77	78.08	
3.37	11.31	81.32	
3.39	10.40	83.36	
3.43	10.06	85.24	
3.18	10.46	83.72	
2.77	13.94	69.91	
2.77	18.74	54.77	
2.67	19.76	52.23	
2.48	22.00	46.91	
2.29	23.70	43.11	
2.19	24.36	42.07	
2.16	25.11	40.32	
2.04	26.29	38.04	
2.00	26.57	37.19	
2.13	25.64	38.62	
2.26	25.16	39.04	
2.60	23.19	42.86	
3.72	19.25	51.66	
6.20	16.03	60.16	
11.49	13.23	70.25	
10.39	13.43	69.85	
8.76	12.75	74.02	
6.40	12.98	75.48	
5.58	12.86	74.61	
5.00	13.12	75.15	
4.55	13.04	75.44	
3.78	13.00	75.99	
3.18	13.37	73.78	
3.16	13.37	73.21	
3.27	14.55	68.53	
3.35	16.79	60.94	
3.39	19.39	54.14	
3.23	20.92	50.21	
3.08	21.28	49.27	
3.03	21.20	49.50	
2.67	23.42	44.44	
2.64	23.32	44.56	
2.85	21.54	49.07	
2.78	18.81	54.41	
3.03	16.81	60.50	
3.31	15.38	66.41	
3.25	14.29	72.49	
3.00	13.66	77.36	
3.11	13.21	80.30	
2.83	13.09	81.39	
2.69	13.24	80.89	
2.50	13.26	80.79	
2.65	12.62	82.74	
3.01	12.36	83.51	
3.45	12.72	82.02	
3.47	13.80	78.24	
3.37	15.11	72.84	
3.56	15.96	69.44	
2.97	16.79	65.53	
2.61	17.68	61.86	
2.42	15.65	69.85	
2.47	16.16	68.23	
2.54	17.42	62.16	
2.58	16.88	65.27	
2.61	17.37	62.69	
4.77	13.82	76.87	
6.56	12.69	82.25	
3.27	13.21	80.60	
2.86	12.48	85.58	
3.86	12.13	86.71	
2.95	12.22	85.40	
2.62	12.40	86.03	
2.65	12.12	86.35	
2.05	12.21	85.24	
1.97	12.30	85.19	
1.92	12.39	85.05	
1.94	12.25	84.90	
2.13	12.37	84.53	
2.03	12.88	81.90	
2.05	13.84	77.36	
2.17	14.82	72.63	
1.91	13.09	81.45	
2.32	16.57	65.83	
2.53	18.38	57.20	
2.53	19.97	52.70	
2.50	21.89	46.89	
2.45	22.30	45.42	
2.65	20.47	49.25	
2.85	19.46	51.39	
3.15	16.67	58.63	
3.25	14.23	68.11	
3.78	12.69	74.98	
4.41	11.53	80.21	
5.95	10.93	83.09	
7.19	10.75	84.24	
7.10	10.99	83.54	
5.99	11.84	81.46	
4.32	12.10	80.76	
3.66	11.97	81.91	
4.30	11.61	82.82	
4.37	11.53	83.10	
3.95	11.58	83.24	
3.68	12.21	81.17	
3.03	13.80	74.59	
2.60	16.33	64.59	
2.63	18.09	58.26	
2.62	19.14	54.40	
2.68	19.33	53.73	
2.62	19.17	54.58	
2.75	17.31	61.23	
2.72	16.40	66.22	
2.66	16.83	64.24	
2.61	16.60	64.84	
2.64	15.36	69.11	
2.91	14.21	73.77	
2.31	12.14	84.21	
2.29	11.99	86.43	
2.26	11.85	86.76	
2.13	11.93	86.27	
2.47	11.87	86.38	
1.94	12.08	85.48	
2.02	11.73	85.92	
2.02	11.73	86.20	
1.99	11.59	86.13	
2.01	11.82	85.96	
2.00	11.68	86.40	
1.90	12.11	85.64	
1.94	12.23	85.12	
1.97	12.31	85.57	
1.88	12.37	85.46	
1.89	12.27	85.55	
1.90	12.83	82.37	
2.33	14.58	71.71	
2.82	15.17	67.81	
2.94	17.95	57.36	
2.98	15.15	64.56	
2.93	15.39	63.71	
3.04	13.26	69.88	
2.99	11.85	81.40	
3.74	11.10	85.50	
5.01	10.76	86.67	
5.81	10.25	87.92	
6.05	10.07	88.28	
4.41	10.30	86.96	
3.52	10.52	86.42	
3.03	10.74	86.06	
2.83	11.00	85.31	
2.75	11.16	85.64	
2.66	11.16	86.12	
2.39	11.20	86.27	
2.28	11.21	86.67	
2.25	11.19	87.50	
2.13	11.68	86.59	
2.16	14.17	75.54	
2.58	17.16	62.15	
2.69	17.49	60.27	
2.75	16.52	63.32	
2.91	15.55	66.16	
3.05	15.47	66.26	
3.25	14.71	70.34	
3.50	11.59	85.79	
3.17	11.99	84.49	
3.18	11.36	86.09	
2.83	11.42	88.03	
2.89	11.15	88.46	
2.42	11.20	87.95	
2.16	11.04	88.31	
1.99	11.30	88.36	
1.95	11.21	88.84	
1.82	11.62	88.94	
1.64	12.34	87.76	
1.63	12.41	88.05	
1.60	12.57	87.55	
1.58	12.58	87.20	
1.67	12.77	85.67	
1.75	12.67	84.10	
1.79	12.48	84.40	
2.16	13.03	80.65	
1.93	12.54	83.19	
1.95	12.57	83.82	
1.91	12.35	84.87	
2.03	12.31	84.86	
2.03	12.19	84.62	
2.05	11.79	86.05	
2.09	11.66	85.67	
2.16	11.33	85.50	
2.39	11.14	86.10	
2.82	11.00	86.67	
3.00	11.03	86.81	
2.35	11.36	86.73	
2.31	11.35	87.54	
2.29	11.41	87.68	
2.47	11.45	87.45	
3.31	11.41	87.43	
4.46	11.21	87.43	
4.31	11.27	87.05	
2.92	11.45	87.37	
2.68	11.50	87.62	
2.74	11.53	87.53	
2.42	11.78	87.25	
2.28	12.01	87.19	
2.62	12.20	86.15	
4.04	12.48	84.44	
3.56	13.31	81.72	
2.19	14.80	76.08	
2.04	14.40	77.46	
2.07	14.21	76.90	
2.02	12.93	81.45	
2.04	12.67	82.83	
2.09	12.51	82.88	
2.00	12.40	83.46	
2.09	12.55	81.06	
2.03	12.15	82.38	
2.05	12.07	83.21	
1.99	11.51	86.34	
2.10	11.14	88.07	
2.03	11.22	88.14	
2.03	11.28	87.89	
1.96	11.47	87.27	
1.94	11.42	86.81	
1.97	11.46	86.68	
2.11	11.35	85.77	
2.15	11.57	84.74	
2.42	13.71	74.17	
2.60	14.07	71.61	
2.74	16.34	62.17	
2.79	16.69	60.14	
2.69	15.80	63.75	
2.74	17.97	56.49	
2.83	18.99	52.75	
2.70	20.74	48.77	
2.87	17.90	55.18	
2.79	15.68	62.90	
2.91	14.09	67.94	
2.83	12.71	76.43	
2.75	11.71	82.35	
2.84	11.80	82.76	
2.71	11.25	85.97	
2.67	11.18	87.59	
2.32	11.56	86.18	
2.45	11.05	87.36	
2.37	11.14	86.87	
2.37	10.96	86.18	
2.35	11.12	86.61	
2.28	11.09	86.37	
2.34	11.21	85.70	
2.37	11.59	84.27	
2.28	12.15	81.70	
2.30	12.66	79.35	
2.34	13.33	76.22	
2.36	13.31	75.97	
2.21	12.31	82.72	
2.16	12.03	85.64	
2.10	12.26	84.90	
2.05	12.47	83.55	
2.06	12.46	83.34	
2.09	12.51	81.71	
2.08	12.18	82.98	
2.15	11.85	84.40	
2.15	11.77	84.82	
2.07	11.72	85.72	
2.04	11.74	86.62	
2.00	11.66	87.08	
2.02	11.65	87.50	
1.96	11.74	87.23	
1.93	11.77	86.89	
1.93	11.74	86.86	
2.08	11.38	87.42	
2.29	11.17	87.53	
2.22	11.21	87.16	
2.18	11.64	86.35	
2.11	11.80	86.11	
2.13	11.91	85.33	
2.20	12.70	80.89	
2.17	12.37	82.63	
2.08	12.39	83.30	
2.13	12.59	80.85	
2.15	12.54	81.22	
2.13	12.76	80.01	
2.66	19.52	53.82	
2.64	17.97	56.99	
2.50	16.43	63.95	
2.68	15.33	64.03	
2.66	13.93	70.74	
2.57	13.11	75.23	
2.54	12.82	77.12	
2.57	13.00	75.85	
2.57	12.54	78.20	
2.42	12.29	80.38	
2.38	11.93	81.80	
2.40	11.74	82.55	
2.36	11.72	82.80	
2.44	11.31	84.00	
2.53	11.23	83.92	
2.45	11.56	82.52	
2.35	11.95	82.11	
2.33	12.36	79.99	
2.34	12.24	80.69	
2.44	11.67	83.69	
2.46	12.05	81.04	
2.51	12.19	80.63	
2.43	12.92	79.13	
2.38	13.47	75.88	
2.51	13.03	77.18	
2.56	11.66	83.97	
2.55	11.07	87.46	
3.37	11.03	87.22	
4.71	11.01	86.70	
5.81	10.64	87.14	
6.84	10.43	86.92	
4.89	10.25	85.67	
3.70	9.97	86.96	
4.02	9.53	88.12	
4.11	9.26	88.33	
4.21	9.70	88.05	
3.77	10.13	87.64	
3.54	10.18	87.66	
3.90	10.16	87.60	
3.40	10.97	84.58	
3.27	11.86	81.19	
2.87	13.99	72.10	
2.94	15.55	63.98	
2.94	14.13	68.09	
3.11	13.86	68.69	
3.00	13.32	71.45	
3.02	14.93	66.53	
2.98	14.59	67.17	
2.84	13.13	73.92	
3.04	12.01	79.63	
3.48	11.32	79.16	
4.47	11.24	82.63	
4.10	10.90	85.93	
2.96	11.21	84.81	
3.13	10.64	85.59	
3.37	10.11	87.34	
3.99	9.13	87.69	
4.28	9.24	87.86	
3.83	9.88	87.03	
3.22	10.44	86.27	
3.35	10.11	87.16	
3.34	9.65	87.46	
3.34	9.33	88.53	
2.57	11.79	80.21	
2.66	16.20	61.89	
2.69	18.06	56.30	
2.72	18.27	54.66	
2.83	18.18	53.88	
2.81	18.98	52.05	
3.03	15.90	62.24	
2.96	15.33	65.29	
3.30	11.50	83.20	
3.36	11.24	86.63	
3.88	11.00	86.59	
3.37	11.24	86.96	
3.50	11.15	87.03	
9.03	10.24	86.86	
11.68	9.38	87.08	
11.49	9.73	86.77	
12.74	9.87	86.85	
15.39	9.38	87.21	
16.05	9.22	87.51	
16.87	9.05	87.91	
17.64	8.89	87.78	
17.64	8.86	87.74	
18.19	8.76	88.17	
14.91	9.68	86.87	
10.50	10.94	84.97	
3.86	13.53	78.13	
2.40	14.96	71.65	
2.57	15.21	70.60	
2.69	16.23	64.47	
2.70	16.95	62.04	
2.59	18.19	58.02	
2.58	19.00	54.78	
2.57	16.60	62.58	
2.40	14.89	71.24	
2.58	16.70	62.94	
2.66	16.30	62.88	
2.61	14.46	70.28	
2.52	13.99	71.94	
2.38	12.63	79.28	
2.43	12.01	84.52	
2.26	11.91	85.68	
2.20	11.72	86.30	
2.08	11.78	86.33	
2.06	11.74	85.58	
2.03	11.89	85.09	
2.01	11.88	84.87	
1.99	11.92	85.00	
2.02	12.01	84.54	
2.11	12.57	81.91	
2.12	13.52	77.42	
2.24	14.57	72.48	
2.37	15.78	66.99	
2.50	17.44	60.41	
2.52	18.92	55.95	
2.47	20.92	50.50	
2.39	22.13	47.52	
2.27	23.35	44.73	
2.41	21.69	48.10	
2.51	20.57	50.81	
2.72	19.11	54.09	
2.84	15.45	67.24	
3.42	13.18	77.10	
3.98	12.73	77.89	
4.55	11.68	83.56	
5.29	11.52	84.76	
5.51	11.31	84.02	
5.44	10.96	85.51	
5.33	11.08	85.67	
5.43	10.59	85.85	
5.34	10.53	86.69	
3.95	10.73	86.48	
2.97	11.67	85.18	
2.59	13.90	76.30	
2.64	18.12	59.86	
2.57	21.12	50.77	
2.38	22.45	47.65	
2.19	23.71	44.75	
2.10	24.42	43.10	
2.03	25.66	40.51	
1.98	26.62	38.54	
1.93	26.47	38.90	
2.04	25.37	41.11	
2.22	24.46	42.98	
2.43	23.27	45.53	
2.94	20.17	53.19	
2.94	18.68	57.78	
2.81	18.06	59.31	
2.71	16.03	66.83	
2.70	14.57	73.49	
2.76	14.16	75.95	
2.66	14.37	75.53	
2.45	13.60	79.16	
2.33	13.71	79.09	
2.40	13.31	80.15	
2.50	12.79	82.63	
2.52	13.46	79.74	
2.77	15.06	73.29	
2.74	18.69	59.52	
2.59	20.39	53.51	
2.46	18.84	58.23	
2.53	16.60	65.28	
2.55	15.94	66.57	
2.46	15.91	67.87	
2.30	13.56	79.41	
2.00	12.40	86.07	
2.03	12.18	86.89	
2.11	12.36	86.51	
2.20	12.23	86.85	
2.13	12.21	86.29	
2.26	12.19	85.08	
2.22	12.25	84.71	
2.28	12.36	84.17	
2.26	12.25	84.93	
2.27	11.95	85.65	
2.15	12.04	84.89	
2.15	11.85	84.66	
2.16	11.84	84.84	
2.21	12.08	83.67	
2.21	12.24	83.61	
2.21	12.42	82.73	
2.32	12.48	81.73	
2.34	12.87	79.47	
2.48	13.35	77.14	
2.47	14.37	72.48	
2.66	15.42	68.23	
2.64	19.39	54.84	
2.56	21.24	49.44	
2.24	24.08	43.04	
2.17	24.76	40.93	
2.35	22.50	45.57	
2.61	21.21	48.00	
2.88	18.68	54.45	
3.11	15.97	64.73	
3.31	14.29	71.84	
3.48	13.22	77.07	
3.45	12.45	80.13	
4.17	11.71	82.59	
5.05	11.26	83.74	
6.97	10.84	84.43	
4.37	10.76	85.25	
4.39	10.78	86.17	
4.03	10.94	85.69	
4.22	10.95	85.37	
2.78	12.33	81.42	
2.84	13.39	75.86	
2.76	14.15	71.70	
2.99	15.05	64.22	
2.89	17.24	59.10	
2.83	18.86	54.73	
2.80	18.93	54.99	
2.84	19.85	52.20	
2.88	19.52	53.49	
2.78	20.53	50.87	
2.78	20.81	49.70	
2.80	19.99	51.63	
3.03	17.84	57.00	
4.05	14.46	68.44	
5.73	12.00	78.84	
4.20	12.36	77.75	
3.59	12.51	78.21	
3.89	11.17	84.18	
4.25	10.51	85.04	
5.34	10.01	85.82	
5.86	9.89	86.45	
6.83	9.32	87.35	
7.12	9.30	87.02	
7.31	9.25	87.19	
6.86	10.05	86.82	
4.80	12.73	78.40	
3.40	15.36	68.97	
2.88	18.39	58.93	
2.75	20.26	52.73	
2.53	21.86	48.50	
2.34	23.83	43.58	
2.30	24.10	42.74	
2.44	23.52	43.88	
2.63	22.65	45.51	
2.92	20.63	50.80	
3.47	16.70	65.08	
4.28	14.55	75.44	
5.34	13.50	79.90	
6.63	13.57	80.56	
7.35	13.46	80.91	
7.17	13.21	80.92	
7.79	13.29	79.62	
8.65	12.81	81.04	
5.04	14.14	76.22	
3.56	15.43	69.71	
3.44	13.05	80.09	
3.02	12.49	83.05	
2.91	12.87	81.16	
2.60	13.42	79.53	
2.46	14.02	77.74	
2.33	15.15	72.66	
2.45	16.15	68.17	
2.58	17.99	61.26	
2.57	18.81	58.06	
2.52	19.65	55.51	
2.52	20.05	54.06	
2.52	20.54	52.56	
2.64	17.49	61.62	
2.48	16.36	65.45	
2.51	15.37	67.52	
2.68	15.09	69.08	
3.35	13.56	72.69	
3.23	14.10	70.80	
2.67	13.33	73.09	
2.58	13.81	71.92	
2.74	13.54	70.73	
2.96	13.84	68.66	
3.38	13.69	67.05	
3.61	12.13	72.33	
3.58	12.07	73.32	
3.90	10.57	79.84	
4.08	9.79	84.55	
4.66	9.16	86.32	
5.04	9.80	85.68	
3.26	14.99	65.74	
2.90	16.96	59.72	
2.82	17.51	58.82	
2.95	19.54	52.03	
2.94	20.60	49.84	
2.76	21.46	48.40	
2.49	23.17	44.76	
2.31	24.57	41.92	
2.26	24.76	41.32	
2.43	23.70	43.13	
2.66	22.47	45.33	
3.08	20.69	48.63	
3.52	18.92	52.76	
3.91	17.89	55.12	
3.98	17.07	57.36	
4.40	15.19	63.34	
5.14	13.19	70.76	
5.55	11.59	76.97	
4.60	12.36	74.86	
4.66	11.88	77.75	
4.40	12.29	76.57	
4.48	12.07	76.20	
4.31	12.11	77.53	
4.22	12.49	75.18	
3.85	14.79	66.86	
3.35	18.44	56.07	
2.98	20.77	50.48	
2.74	22.17	47.36	
2.50	23.86	43.73	
2.27	25.49	40.38	
2.09	26.83	37.76	
1.97	27.86	35.62	
2.05	27.11	36.77	
2.29	25.60	39.60	
2.71	23.64	43.11	
3.02	22.13	46.00	
3.35	21.04	47.82	
3.57	19.84	50.89	
3.71	18.80	54.06	
3.86	17.77	57.05	
3.98	16.90	60.07	
3.77	17.95	56.41	
3.94	17.15	57.98	
4.13	15.85	61.87	
4.43	14.06	68.15	
4.70	11.86	78.07	
4.40	12.69	76.06	
3.65	17.49	58.60	
3.10	20.65	50.26	
2.81	22.03	47.23	
2.60	23.47	43.61	
2.54	23.92	42.61	
2.35	25.21	40.08	
2.16	26.61	37.46	
2.15	26.48	37.78	
2.19	26.22	38.28	
2.44	25.09	39.70	
2.92	22.54	44.61	
3.61	19.85	49.98	
4.27	17.17	56.33	
4.93	14.66	64.04	
5.10	13.22	70.79	
4.85	13.13	72.39	
4.77	12.63	74.38	
4.39	13.72	70.34	
4.24	14.30	67.63	
4.07	14.41	67.80	
4.22	13.11	73.68	
4.28	11.52	83.11	
4.12	11.59	83.97	
4.13	11.51	84.59	
3.86	12.34	82.37	
3.81	12.02	82.86	
3.27	18.19	57.15	
3.09	21.17	47.13	
2.82	22.34	44.78	
3.35	19.93	49.05	
2.75	23.29	42.34	
2.73	23.59	41.48	
2.95	21.44	46.71	
3.30	20.61	47.65	
3.56	19.59	49.28	
4.17	17.19	55.19	
4.52	15.95	58.39	
4.87	14.56	62.38	
5.02	13.39	67.89	
5.12	12.38	73.12	
5.26	11.31	77.29	
5.53	9.90	83.54	
5.37	9.56	84.95	
5.38	9.10	85.72	
5.35	8.76	86.57	
5.31	8.50	86.81	
5.37	8.19	86.99	
4.83	9.11	86.22	
3.74	13.65	71.01	
3.35	17.30	59.38	
3.17	19.11	53.82	
2.98	21.09	48.26	
2.72	22.79	44.35	
2.43	24.57	40.95	
2.21	26.22	37.55	
2.15	26.60	36.77	
2.19	26.41	37.13	
2.18	27.09	35.18	
2.59	24.55	39.72	
2.76	23.62	41.51	
3.40	21.03	46.29	
3.24	21.29	45.93	
3.56	20.32	47.85	
3.82	18.44	53.04	
4.73	14.99	63.66	
4.76	14.05	67.58	
4.89	13.65	69.10	
4.90	13.09	72.11	
4.83	12.66	73.35	
4.87	11.89	75.45	
4.82	11.46	77.90	
4.35	13.08	72.06	
3.59	17.68	56.71	
3.04	20.89	48.96	
2.54	23.75	42.74	
2.30	25.40	38.93	
2.16	26.73	35.95	
2.10	27.67	33.85	
2.05	28.54	32.17	
2.07	28.61	32.00	
2.13	28.38	32.35	
2.30	27.65	33.09	
2.52	26.51	34.83	
2.71	25.54	36.29	
3.00	23.58	40.24	
3.34	21.37	45.12	
3.91	18.89	50.55	
5.04	15.10	60.86	
5.71	12.93	69.09	
5.71	12.14	72.54	
5.62	11.48	75.55	
5.53	10.95	77.84	
5.48	10.30	80.25	
5.41	9.79	82.26	
5.35	9.51	82.85	
4.65	11.58	75.51	
3.53	17.79	56.00	
3.00	20.75	49.30	
2.61	23.00	44.34	
2.46	24.30	41.22	
2.27	25.75	38.18	
2.16	26.80	35.89	
2.03	28.12	33.42	
2.02	28.35	33.05	
2.07	27.78	34.27	
2.37	25.65	38.16	
2.86	22.81	43.97	
3.23	21.64	45.58	
3.91	19.17	50.65	
4.84	15.70	60.42	
5.10	13.73	68.18	
5.10	12.90	71.67	
5.13	12.24	75.51	
5.15	11.31	79.34	
4.96	11.01	80.39	
4.59	11.54	79.05	
4.22	12.60	75.58	
4.45	11.98	75.76	
4.32	12.14	76.89	
4.03	13.24	72.53	
3.85	14.56	67.13	
3.80	15.76	63.16	
3.31	18.96	54.00	
3.06	20.81	48.89	
3.00	21.07	48.39	
2.85	22.05	46.36	
2.50	24.37	41.58	
2.33	25.33	39.84	
2.25	25.68	39.25	
2.48	24.38	41.43	
2.83	22.62	44.74	
3.28	20.80	48.52	
3.71	18.73	53.74	
4.25	16.54	59.81	
4.70	14.53	66.69	
4.81	13.41	71.26	
4.84	12.55	74.56	
4.71	12.15	76.94	
4.62	11.71	79.18	
4.54	11.40	80.64	
4.71	10.44	83.81	
4.82	9.79	85.69	
4.78	9.58	86.08	
4.18	10.94	83.30	
3.49	15.53	65.91	
3.28	18.11	57.55	
3.06	19.82	53.05	
3.08	20.05	51.70	
2.83	21.83	47.60	
2.59	23.67	43.61	
2.36	24.93	41.38	
2.31	25.20	41.12	
2.39	24.35	43.04	
2.55	23.69	44.22	
2.79	22.77	45.82	
2.99	21.79	47.80	
3.61	19.02	54.42	
3.93	16.89	61.32	
4.15	15.69	65.42	
4.29	14.35	71.32	
4.34	13.22	76.44	
4.39	11.88	81.37	
4.33	11.28	83.67	
4.21	11.15	84.31	
4.00	11.32	84.41	
3.99	11.01	85.22	
3.95	10.87	85.63	
3.71	11.44	84.21	
3.41	13.41	76.64	
3.34	15.11	69.76	
3.15	18.20	59.02	
3.00	20.20	52.82	
2.71	22.42	47.38	
2.46	24.30	43.03	
2.17	26.24	38.99	
2.04	27.18	37.05	
2.02	27.19	37.25	
2.12	26.50	38.47	
2.33	25.37	40.47	
2.60	24.03	43.01	
3.10	21.31	49.17	
3.47	19.47	53.92	
3.84	17.95	58.15	
4.10	16.24	64.56	
4.25	14.78	70.15	
4.23	13.82	73.81	
4.15	13.31	75.78	
4.24	12.01	81.18	
4.22	11.28	84.04	
4.13	11.11	84.53	
3.92	11.31	84.71	
3.53	12.94	79.42	
3.28	16.15	66.58	
3.11	18.68	58.03	
2.91	20.78	51.87	
2.72	22.28	48.01	
2.49	23.92	44.34	
2.24	25.81	40.24	
2.05	27.16	37.54	
2.00	27.41	37.19	
1.99	27.47	37.05	
2.14	26.63	38.37	
2.40	25.02	41.39	
2.77	23.22	44.91	
3.16	21.24	49.27	
3.63	18.93	55.41	
4.30	15.94	63.09	
4.41	15.21	67.94	
4.11	14.84	70.60	
3.98	13.65	76.42	
4.21	12.40	80.19	
4.10	11.81	83.55	
3.99	11.45	84.40	
3.85	11.62	83.68	
3.85	11.19	85.38	
3.43	12.56	82.00	
3.08	18.58	58.45	
2.94	20.35	53.40	
2.66	22.50	48.03	
2.44	24.33	43.41	
2.18	25.90	40.05	
2.04	27.31	37.08	
1.89	28.51	34.77	
1.82	29.41	32.88	
1.83	29.22	33.33	
1.89	28.79	33.95	
2.06	27.70	35.78	
2.34	25.74	39.73	
2.69	23.81	43.62	
2.97	22.47	46.22	
3.25	21.35	48.29	
3.50	20.17	50.84	
4.15	17.20	58.59	
3.96	17.32	58.42	
4.48	14.61	67.27	
4.45	13.10	75.42	
4.58	12.35	77.47	
4.38	12.09	79.86	
4.13	12.34	80.18	
3.66	14.19	73.99	
3.25	18.03	59.87	
2.97	20.60	52.18	
2.75	22.10	48.42	
2.60	23.06	46.21	
2.35	24.87	42.34	
2.16	26.39	39.04	
1.97	27.95	35.94	
1.89	28.67	34.46	
1.85	28.86	34.19	
2.00	27.58	36.64	
2.38	24.80	42.38	
2.75	23.46	44.53	
3.26	21.29	48.79	
3.73	19.06	54.36	
4.18	16.83	60.87	
4.28	15.33	66.52	
4.32	14.45	70.34	
4.28	13.52	74.62	
4.22	12.66	78.33	
4.15	12.12	80.63	
4.10	11.58	83.16	
4.06	11.24	84.47	
3.90	11.42	84.28	
3.48	13.38	77.79	
3.26	16.02	67.47	
3.19	17.71	60.81	
3.07	19.49	55.32	
2.90	20.88	51.58	
2.78	21.72	49.50	
2.69	22.63	47.49	
2.38	25.01	42.27	
2.12	26.92	38.26	
2.04	27.11	37.93	
2.07	26.73	38.56	
2.23	25.99	39.81	
2.42	24.87	42.12	
2.74	23.07	45.84	
3.15	20.96	50.83	
3.44	19.54	54.51	
3.67	18.50	57.21	
3.80	17.67	59.82	
3.83	16.68	63.47	
3.92	15.11	69.37	
3.95	14.10	73.43	
3.94	13.48	76.60	
3.84	13.30	77.61	
3.79	12.71	80.61	
3.36	15.89	68.68	
3.00	20.50	52.66	
2.67	22.91	46.99	
2.29	25.46	41.44	
1.85	28.63	34.47	
1.71	30.28	30.51	
1.74	30.57	29.72	
1.75	31.03	28.78	
1.78	31.25	28.29	
1.84	30.94	28.79	
1.92	30.30	29.81	
2.02	29.37	31.51	
2.10	28.64	32.81	
2.34	26.47	37.13	
2.93	23.03	43.87	
3.46	21.12	47.41	
3.83	19.70	50.32	
4.07	18.30	54.34	
4.17	17.50	56.48	
3.82	18.42	54.06	
4.11	16.87	58.67	
4.25	15.10	65.98	
4.37	14.29	68.26	
3.82	17.05	59.03	
3.53	18.71	55.17	
2.71	22.87	45.69	
2.33	25.40	40.16	
1.89	27.10	36.57	
1.84	27.21	36.15	
1.85	27.52	35.47	
1.99	27.28	35.62	
1.96	27.01	36.64	
2.03	27.15	35.97	
2.03	27.12	36.15	
2.02	27.13	36.36	
2.02	26.98	36.88	
2.05	26.76	37.52	
2.08	26.63	37.82	
2.26	24.90	41.42	
2.26	25.14	40.91	
2.31	25.17	40.61	
2.26	25.01	41.25	
2.28	25.10	40.93	
2.21	25.26	40.70	
2.22	25.21	40.76	
2.21	25.22	40.80	
2.16	25.60	40.18	
2.11	25.73	40.03	
2.08	25.91	39.83	
2.07	26.00	39.59	
2.08	25.86	39.95	
2.22	24.66	41.79	
2.30	24.54	42.02	
2.31	24.78	41.51	
2.23	24.85	41.78	
2.25	24.97	41.30	
2.22	24.93	41.52	
2.17	25.43	40.66	
2.10	25.96	39.36	
2.16	25.51	40.17	
2.27	24.79	41.38	
2.27	24.87	41.15	
2.26	24.94	41.07	
2.24	25.09	40.99	
2.24	25.00	41.30	
2.17	25.49	40.52	
2.21	25.12	41.13	
2.18	25.26	40.84	
2.22	25.33	40.48	
2.14	25.69	40.05	
2.16	25.65	40.07	
2.14	25.62	40.27	
2.16	25.59	40.24	
2.33	23.62	44.39	
2.33	23.96	43.87	
2.36	24.04	43.53	
2.34	23.66	44.81	
2.39	23.64	44.74	
2.31	23.95	44.17	
2.35	23.63	44.90	
2.35	23.55	45.15	
2.34	23.79	44.56	
2.32	23.96	44.09	
2.30	24.13	43.62	
2.28	24.25	43.33	
2.28	24.28	43.24	
2.28	24.37	43.02	
2.30	24.27	43.10	
2.32	24.10	43.29	
2.33	24.23	42.86	
2.32	24.24	42.86	
2.31	24.23	42.89	
2.31	24.21	42.94	
2.30	24.33	42.68	
2.33	23.98	43.51	
2.34	23.84	43.93	
2.35	23.75	44.16	
2.72	16.11	65.10	
2.73	18.90	55.69	
2.93	19.36	52.79	
2.63	16.85	64.70	
2.55	16.04	67.26	
2.61	18.93	56.90	
2.59	17.07	64.07	
2.35	12.69	85.22	
2.27	13.33	82.30	
2.45	13.55	80.81	
2.62	13.22	83.76	
2.93	12.85	84.73	
2.96	12.87	83.26	
2.77	12.37	85.11	
3.81	12.15	85.89	
5.13	12.49	84.46	
3.64	12.66	84.13	
4.15	12.32	85.38	
5.19	12.56	84.10	
3.94	12.68	83.94	
3.38	12.83	84.12	
3.45	13.15	82.72	
2.68	13.52	81.37	
2.38	13.53	81.56	
2.12	14.71	74.96	
2.41	16.17	65.82	
2.53	17.60	60.40	
2.59	17.15	60.76	
2.59	16.88	62.06	
2.60	16.07	65.43	
2.57	17.31	62.74	
2.54	16.25	66.36	
2.39	14.37	75.98	
2.38	13.74	79.34	
2.66	13.19	81.59	
2.75	12.98	83.15	
2.26	13.87	78.85	
2.30	14.64	72.44	
2.42	14.10	72.10	
2.40	12.70	77.71	
2.46	13.11	76.32	
2.42	13.12	76.90	
2.32	12.95	80.34	
2.21	12.47	83.78	
2.15	12.40	84.86	
2.13	13.13	81.41	
2.18	14.59	74.67	
2.39	16.52	65.59	
2.38	15.69	67.61	
2.63	18.98	55.37	
2.71	20.05	51.39	
2.61	21.05	49.18	
2.33	24.43	41.68	
2.28	24.02	42.48	
2.56	21.10	48.88	
2.79	20.25	50.38	
2.91	19.02	53.36	
2.99	16.33	62.77	
2.93	14.84	69.47	
2.91	15.46	67.60	
2.99	14.45	71.31	
3.08	12.80	80.14	
3.05	13.19	78.18	
3.11	13.31	77.22	
2.89	12.79	81.50	
2.78	12.11	84.57	
2.42	12.34	83.17	
2.31	12.42	82.37	
2.26	12.74	81.48	
2.25	13.64	76.79	
2.34	14.88	71.39	
2.53	18.16	59.09	
2.58	19.67	54.06	
2.47	21.50	49.66	
2.30	23.60	44.62	
2.04	25.42	40.79	
1.96	26.27	38.70	
2.08	25.03	41.20	
2.40	22.19	47.27	
2.49	22.54	45.95	
2.88	13.73	75.13	
2.48	12.47	84.90	
2.52	12.36	84.61	
2.94	12.49	85.78	
2.90	12.50	86.52	
2.31	12.48	86.23	
2.00	12.45	86.30	
1.91	12.34	86.02	
1.85	11.77	87.91	
1.86	11.77	87.32	
1.85	11.76	87.06	
1.93	11.62	87.03	
1.89	11.83	86.28	
1.93	12.40	84.08	
2.14	14.66	74.36	
2.29	16.07	67.52	
2.42	17.06	63.21	
2.54	17.98	58.59	
2.56	18.99	55.54	
2.55	20.36	51.86	
2.56	20.06	52.60	
2.57	19.42	54.87	
2.59	18.51	57.78	
2.61	19.04	56.22	
2.56	14.90	73.10	
2.33	13.66	80.77	
2.29	12.55	85.11	
2.50	12.72	85.04	
3.97	12.80	83.98	
2.44	13.36	81.62	
2.26	12.75	83.58	
2.40	12.66	83.69	
2.27	12.68	82.19	
2.24	12.61	83.71	
2.25	12.30	84.46	
2.32	12.29	83.94	
2.32	12.27	83.36	
2.34	12.56	82.11	
2.26	12.98	79.71	
2.45	13.96	75.27	
2.49	14.56	71.58	
2.62	15.30	68.57	
2.73	16.05	65.05	
2.75	17.40	59.85	
2.82	16.33	62.83	
2.84	17.22	60.67	
2.77	20.34	51.84	
2.49	22.01	47.91	
2.58	19.32	55.07	
2.63	16.81	63.29	
2.68	15.42	68.93	
2.63	13.95	77.57	
2.56	13.81	79.38	
2.57	14.01	77.55	
2.50	14.47	74.94	
2.56	12.35	83.15	
2.45	11.85	84.76	
2.64	11.51	84.34	
2.82	11.19	86.66	
2.78	10.99	87.29	
2.84	11.16	87.32	
2.49	13.66	78.45	
2.59	14.78	73.55	
2.72	17.91	61.64	
2.81	18.85	57.33	
2.67	20.28	54.00	
2.60	21.69	49.69	
2.39	23.58	45.59	
2.21	25.12	42.05	
2.06	25.91	40.54	
2.15	25.15	42.03	
2.35	23.12	46.28	
2.72	20.66	52.35	
2.97	18.98	57.81	
2.68	15.94	69.14	
2.35	12.80	84.25	
2.52	12.66	85.37	
3.04	13.10	82.61	
2.91	12.97	83.61	
2.53	13.06	82.94	
2.59	12.37	84.40	
2.72	12.67	82.48	
2.93	12.66	82.37	
2.97	12.78	82.58	
3.03	12.76	82.78	
2.56	13.59	79.87	
2.79	13.66	79.39	
2.81	14.99	73.58	
2.74	15.94	69.01	
2.73	17.87	62.27	
2.70	20.63	52.94	
2.53	22.93	47.48	
2.16	25.87	41.05	
1.96	26.90	38.98	
1.85	27.31	38.33	
2.23	24.28	44.85	
2.72	20.88	53.20	
2.64	22.38	47.63	
2.85	20.05	52.81	
3.19	16.75	63.23	
3.54	14.62	69.55	
3.42	13.31	76.06	
3.25	12.69	80.19	
3.23	12.05	83.57	
2.96	12.71	81.68	
2.83	12.67	81.63	
2.94	12.64	82.57	
2.86	12.82	80.69	
2.91	13.11	79.14	
2.89	13.63	77.03	
2.88	14.05	75.13	
2.83	14.48	72.70	
2.75	15.87	68.15	
2.63	17.64	62.24	
2.55	16.41	67.11	
2.41	14.67	75.12	
2.23	14.33	76.58	
2.60	16.95	63.22	
2.76	18.08	56.86	
2.85	18.06	56.20	
2.99	17.38	57.05	
3.13	16.44	59.77	
4.39	15.01	66.62	
5.05	14.07	70.96	
3.18	14.09	72.25	
2.93	12.93	79.32	
2.83	12.74	79.67	
2.77	12.43	80.24	
2.47	12.51	82.37	
2.46	12.11	83.45	
2.52	11.88	83.94	
2.44	12.11	82.74	
2.31	12.67	81.11	
2.35	13.45	77.04	
2.49	14.97	69.82	
2.62	16.05	65.74	
2.51	15.79	66.86	
2.45	15.39	68.24	
2.45	14.86	70.45	
2.33	13.13	79.69	
2.46	12.16	85.34	
2.42	12.05	86.16	
3.01	11.60	87.37	
3.95	11.79	86.70	
2.92	11.89	85.47	
2.47	12.05	85.58	
3.97	11.73	85.31	
7.93	10.98	85.79	
3.24	11.47	84.81	
2.57	11.79	85.56	
2.48	11.76	85.69	
2.81	11.19	86.39	
2.97	11.49	87.00	
2.80	11.55	86.49	
2.66	11.74	86.03	
2.47	12.14	84.78	
2.66	12.38	83.77	
2.46	13.35	79.76	
2.46	16.03	68.67	
2.49	17.62	62.69	
2.52	18.60	59.12	
2.53	20.72	52.49	
2.35	23.31	46.04	
2.14	25.13	42.22	
1.98	26.11	40.18	
2.00	25.61	41.31	
2.10	24.97	42.30	
2.43	22.43	47.58	
2.62	20.08	53.25	
3.57	17.54	61.21	
4.02	16.63	65.45	
3.33	17.19	64.54	
2.75	15.61	72.53	
2.73	14.05	78.95	
3.02	13.27	81.49	
3.26	13.06	82.41	
3.27	12.71	84.28	
2.65	13.99	79.29	
2.37	14.23	77.34	
2.35	13.57	79.77	
2.47	13.78	78.85	
2.68	13.82	78.82	
2.55	15.17	73.47	
2.66	17.31	64.89	
2.75	19.97	55.86	
2.75	18.91	58.77	
2.68	20.29	54.80	
2.65	21.23	51.71	
2.57	21.77	50.74	
2.68	21.03	52.46	
2.72	19.69	56.67	
2.77	18.81	59.54	
2.83	16.89	66.39	
2.66	16.15	68.79	
2.69	15.24	71.04	
2.84	15.75	68.87	
3.10	15.70	68.62	
3.46	15.12	71.01	
3.18	14.19	74.01	
3.43	14.09	75.10	
4.39	14.04	75.76	
7.98	13.11	77.94	
5.10	13.87	75.24	
4.20	14.31	75.40	
4.02	14.97	73.21	
3.45	18.04	60.22	
3.30	17.88	61.41	
3.31	16.94	64.75	
3.84	18.32	58.55	
3.72	19.27	55.87	
3.55	19.51	55.91	
3.59	19.92	55.02	
3.18	21.91	49.34	
2.94	22.96	46.97	
3.21	21.81	49.88	
3.87	20.01	54.25	
4.80	17.85	60.61	
5.51	16.31	67.01	
6.82	15.94	68.56	
7.50	14.68	74.07	
4.35	16.84	65.69	
3.83	15.36	70.12	
3.56	13.47	77.48	
3.39	12.38	79.88	
3.35	11.83	83.05	
3.11	11.90	80.65	
2.45	12.92	79.11	
2.34	14.08	75.77	
2.44	15.50	70.28	
2.78	17.15	63.24	
2.88	19.31	56.97	
2.64	21.83	49.43	
2.46	23.66	45.14	
2.23	25.84	40.48	
2.07	27.50	37.00	
1.92	28.09	36.05	
2.04	27.11	38.29	
2.29	24.66	43.41	
2.60	23.07	46.38	
2.92	21.42	49.90	
3.21	19.89	53.41	
3.09	18.17	58.61	
2.96	16.04	66.55	
2.73	14.68	72.75	
2.62	13.85	76.44	
2.46	13.25	80.10	
2.48	12.71	82.46	
2.53	12.88	81.80	
2.60	13.07	80.89	
2.55	13.24	80.47	
2.53	14.22	76.43	
2.59	16.06	68.46	
2.72	17.14	64.37	
2.69	18.96	58.18	
2.68	20.95	52.14	
2.60	22.12	49.30	
2.41	24.30	44.33	
2.25	26.04	40.74	
2.26	25.77	41.43	
2.23	26.19	40.63	
2.22	26.27	40.49	
2.38	24.83	43.51	
2.58	23.73	45.65	
2.81	21.97	49.57	
3.02	20.55	53.03	
3.36	19.07	56.80	
3.32	17.41	62.89	
3.26	15.85	69.01	
3.14	14.60	73.98	
3.22	13.47	78.77	
3.31	12.94	81.62	
3.05	13.40	79.90	
2.99	13.54	79.53	
2.87	13.71	78.97	
2.88	13.96	77.20	
2.93	14.71	74.33	
3.09	15.82	70.04	
3.04	16.80	66.33	
2.91	19.69	56.56	
2.73	22.17	49.65	
2.45	24.55	44.21	
2.13	26.95	38.95	
1.86	28.28	36.12	
1.70	29.08	34.03	
1.81	28.32	35.62	
2.06	26.42	39.67	
2.50	23.68	45.63	
2.70	22.46	48.20	
2.82	21.22	50.57	
2.90	19.89	53.56	
2.99	18.45	56.94	
3.09	16.29	63.94	
2.88	16.19	64.56	
2.96	14.40	71.66	
2.75	14.69	71.62	
2.72	13.34	76.68	
2.68	12.52	82.05	
2.76	12.51	82.01	
2.66	13.98	76.65	
2.77	16.74	66.12	
2.71	18.69	59.29	
2.65	20.75	52.90	
2.49	22.80	47.43	
2.13	25.25	41.54	
1.87	27.05	37.83	
1.74	27.99	36.22	
1.70	28.29	35.71	
1.70	28.23	35.89	
1.86	26.99	38.35	
2.20	24.11	44.72	
2.52	21.90	49.49	
2.71	20.25	53.44	
2.88	18.25	59.50	
3.01	16.64	65.22	
3.06	15.45	69.00	
3.01	14.79	71.47	
2.92	14.45	72.07	
2.79	13.94	73.92	
2.74	13.09	77.99	
2.78	12.58	80.57	
2.81	12.79	79.83	
2.91	13.36	78.64	
3.17	13.98	76.47	
2.89	14.73	73.66	
2.86	16.01	68.94	
2.81	17.83	62.34	
2.71	20.89	52.56	
2.59	22.48	48.67	
2.32	24.74	43.59	
1.98	27.34	37.84	
1.81	27.82	37.05	
1.78	28.34	35.95	
1.92	27.17	38.28	
2.13	25.32	42.04	
2.35	24.94	41.36	
2.67	23.03	44.39	
2.91	21.41	47.22	
3.21	18.83	52.65	
3.34	16.71	59.52	
3.36	15.06	66.76	
3.31	13.93	72.60	
3.26	12.85	77.97	
3.22	12.05	81.47	
3.43	11.37	83.66	
3.22	11.43	84.02	
2.87	13.30	77.10	
2.78	15.86	67.15	
2.68	17.87	59.52	
2.62	20.56	51.16	
2.45	22.26	46.82	
2.30	23.25	44.89	
2.21	24.00	43.39	
2.10	25.19	41.10	
1.99	26.40	38.62	
1.95	26.57	38.20	
1.93	26.94	37.48	
2.00	26.46	38.39	
2.09	25.61	40.09	
2.40	23.57	43.79	
2.68	21.33	48.84	
3.00	19.16	53.79	
3.16	17.45	58.51	
3.25	15.94	62.85	
3.26	14.71	67.16	
3.15	14.44	67.51	
3.07	13.77	70.02	
3.00	12.05	78.32	
3.02	11.27	82.28	
3.03	11.00	84.07	
2.89	12.36	79.50	
2.81	14.85	68.90	
2.75	17.69	59.14	
2.68	19.96	52.50	
2.48	22.37	46.59	
2.23	24.38	42.06	
1.97	26.39	37.73	
1.82	28.01	34.43	
1.73	29.44	31.48	
1.76	30.00	30.17	
1.81	29.61	31.03	
1.86	29.15	31.94	
1.94	28.62	32.82	
2.15	26.55	37.08	
2.38	24.63	41.09	
2.72	22.36	45.74	
2.83	21.39	47.94	
3.14	19.19	53.01	
3.04	18.90	54.46	
2.92	20.16	50.66	
2.85	20.46	49.88	
2.86	20.02	50.72	
2.91	19.52	51.99	
2.92	18.84	54.26	
2.93	18.37	56.42	
2.95	18.02	58.22	
2.82	19.48	53.95	
2.72	21.11	49.48	
2.61	20.90	49.81	
2.45	22.79	45.34	
2.56	22.07	47.22	
2.63	20.97	50.71	
2.79	19.87	53.93	
2.70	20.86	51.61	
2.75	20.57	52.43	
2.71	20.57	52.58	
2.72	21.12	50.77	
2.67	20.62	52.07	
2.61	19.07	56.03	
2.58	16.50	65.04	
2.54	15.77	67.78	
2.56	14.82	70.77	
2.48	14.04	74.70	
2.51	14.18	72.63	
2.67	14.86	68.33	
2.73	14.93	66.70	
2.74	14.37	68.90	
2.76	14.92	65.93	
2.76	14.73	67.04	
2.74	16.06	63.36	
2.77	18.33	55.92	
2.70	20.33	50.65	
2.66	20.40	50.50	
2.54	21.40	48.23	
2.50	22.41	45.66	
2.31	24.06	42.45	
2.40	23.01	44.69	
2.66	16.99	61.98	
2.72	18.04	58.09	
2.82	16.24	64.78	
2.72	18.80	57.23	
2.77	20.49	49.91	
2.87	17.75	56.22	
2.92	15.38	63.15	
2.88	15.46	62.95	
2.89	14.24	69.04	
2.66	13.66	74.55	
2.51	12.83	79.21	
2.41	12.72	80.55	
2.32	12.11	83.72	
2.33	11.64	86.68	
2.28	11.67	86.49	
2.27	12.11	84.49	
2.23	12.75	81.60	
2.22	13.58	77.63	
2.44	16.36	65.06	
2.59	19.08	54.99	
2.57	19.33	54.35	
2.22	12.49	82.42	
2.57	19.63	54.41	
2.62	15.06	67.91	
2.27	13.40	81.57	
2.59	18.16	58.78	
2.64	19.97	52.46	
2.73	18.19	57.51	
2.72	17.21	58.70	
2.86	16.50	60.04	
2.83	14.07	70.35	
4.25	14.31	71.48	
7.58	12.30	77.98	
2.96	11.85	82.48	
3.85	12.65	80.48	
2.55	13.10	77.88	
2.56	12.47	80.75	
2.62	12.64	82.22	
2.54	12.82	78.07	
2.55	13.04	78.12	
2.43	13.35	76.75	
2.51	14.96	70.09	
2.60	16.53	64.21	
2.63	17.66	60.14	
2.64	18.24	57.92	
2.56	21.22	49.38	
2.53	21.65	48.23	
2.37	22.83	45.76	
2.18	25.02	40.89	
2.02	25.93	39.17	
2.06	25.56	39.93	
2.18	24.66	41.61	
2.51	21.78	47.46	
2.78	20.01	51.53	
3.16	16.85	59.97	
3.02	15.76	65.54	
2.88	14.78	70.19	
2.75	13.53	77.60	
2.60	12.73	80.94	
2.54	12.01	84.00	
2.51	11.46	86.46	
2.47	11.43	85.95	
2.80	10.98	87.52	
2.79	11.74	85.59	
2.52	13.44	78.04	
2.54	16.93	64.42	
2.63	19.30	55.76	
2.49	21.39	49.97	
2.29	23.43	44.96	
2.03	25.45	40.63	
1.82	27.54	36.11	
1.67	29.09	32.73	
1.67	29.76	31.19	
1.75	30.25	29.53	
1.88	29.74	30.39	
1.96	28.80	32.27	
2.13	26.65	36.87	
2.27	25.36	39.44	
2.53	23.73	42.52	
2.66	22.64	44.74	
2.75	22.12	45.59	
2.77	21.59	46.83	
2.91	19.72	51.53	
2.96	18.27	56.23	
2.96	17.99	57.00	
3.03	16.56	61.47	
2.99	15.75	64.53	
2.93	15.36	66.02	
2.82	18.37	56.82	
2.69	20.98	50.10	
2.44	22.96	46.05	
2.21	24.66	42.38	
2.03	25.83	40.10	
1.92	26.72	38.42	
1.75	28.40	34.90	
1.69	29.26	33.11	
1.67	29.25	33.26	
1.71	28.89	34.05	
1.77	28.38	35.03	
1.93	27.45	36.78	
2.10	26.24	39.09	
2.25	25.26	40.95	
2.39	24.26	42.82	
2.49	23.42	44.50	
2.57	22.57	46.34	
2.64	21.52	48.88	
2.68	20.40	52.01	
2.69	19.10	56.08	
2.66	17.28	62.83	
2.55	16.42	66.48	
2.50	15.25	71.06	
2.53	15.75	69.88	
2.62	19.13	57.15	
2.56	21.87	49.57	
2.36	23.53	45.81	
2.10	25.47	41.66	
1.89	26.93	38.76	
1.72	28.68	35.09	
1.58	30.41	31.07	
1.56	31.13	29.48	
1.57	31.33	29.08	
1.60	31.43	28.68	
1.66	31.21	28.95	
1.73	30.72	29.80	
1.82	29.75	31.63	
1.90	28.86	33.41	
2.05	27.45	36.26	
2.09	27.04	37.01	
2.11	27.06	36.87	
2.14	26.21	38.81	
2.20	25.59	40.11	
2.38	23.99	43.50	
2.64	21.46	49.79	
2.76	20.32	52.81	
2.84	19.28	56.03	
2.67	21.44	50.17	
2.63	22.57	47.63	
2.30	24.66	43.53	
1.93	27.60	37.00	
1.67	29.10	34.00	
1.61	29.94	32.15	
1.58	30.56	30.86	
1.59	31.31	29.27	
1.63	31.42	28.98	
1.69	30.41	31.26	
1.68	31.32	29.09	
1.69	31.61	28.22	
1.72	30.68	30.58	
1.85	29.27	33.59	
1.98	27.54	37.48	
2.22	26.15	40.09	
2.46	24.70	42.87	
2.77	22.55	47.44	
2.94	21.29	50.42	
2.90	21.04	51.13	
2.95	19.45	55.78	
2.93	18.40	59.66	
2.98	17.64	62.15	
4.78	16.45	67.52	
3.10	17.73	62.88	
2.80	20.01	55.66	
2.63	22.34	49.31	
2.62	23.21	46.56	
2.36	24.38	44.71	
2.17	26.10	40.79	
2.03	26.92	39.14	
1.78	28.89	34.36	
1.68	29.76	32.34	
1.68	29.51	33.04	
1.71	29.53	32.66	
1.79	28.83	34.00	
1.94	27.50	36.84	
2.33	24.32	43.38	
2.67	20.87	50.78	
2.90	18.64	56.14	
3.00	15.81	65.62	
2.94	14.17	72.81	
2.79	13.86	73.81	
2.65	14.06	73.10	
2.54	14.02	73.46	
2.50	15.14	69.43	
2.44	15.18	69.25	
2.55	14.45	69.78	
2.51	16.06	64.91	
2.51	16.72	62.88	
2.54	17.96	59.43	
2.62	19.18	54.48	
2.56	20.51	51.77	
2.50	21.72	48.49	
2.41	22.47	46.98	
2.26	24.08	43.66	
2.09	25.65	40.47	
2.00	26.09	39.73	
2.00	25.88	40.31	
2.10	25.15	41.84	
2.30	23.65	44.96	
2.59	21.11	50.45	
2.75	19.04	55.82	
2.77	16.96	62.62	
2.68	16.08	66.44	
2.63	15.08	70.49	
2.53	14.44	73.49	
2.47	13.64	76.58	
2.46	13.79	75.86	
2.47	14.84	71.24	
2.45	14.76	71.98	
2.44	14.92	71.50	
2.44	14.61	72.51	
2.46	14.57	73.29	
2.53	15.08	70.83	
2.56	16.17	66.48	
2.64	17.05	63.37	
2.68	17.81	60.62	
2.69	19.54	55.12	
2.48	23.23	46.06	
2.17	25.78	40.64	
1.97	26.68	39.10	
1.84	27.38	37.67	
1.81	27.49	37.31	
1.98	26.38	39.58	
2.35	23.74	45.11	
2.57	22.29	48.28	
2.76	20.55	52.27	
2.92	18.67	58.17	
2.91	16.90	63.88	
2.74	15.58	68.95	
2.67	14.60	72.62	
2.61	13.93	75.40	
2.58	13.35	77.93	
2.60	12.57	81.55	
2.53	13.02	80.07	
2.46	13.64	77.36	
2.49	14.14	75.47	
2.65	15.20	70.80	
2.70	17.18	63.14	
2.64	20.50	52.96	
2.52	22.30	48.46	
2.31	24.07	44.63	
2.00	26.53	39.30	
1.74	28.29	35.77	
1.71	28.18	36.14	
1.75	27.66	37.31	
1.93	26.37	39.89	
2.15	24.92	42.83	
2.47	22.87	46.94	
2.62	21.46	49.96	
2.72	20.21	52.50	
2.72	18.66	57.01	
2.63	16.93	63.58	
2.47	15.42	70.09	