1.50	21.00	45.00	
1.74	21.00	46.00	
2.07	21.07	46.00	
2.24	23.48	44.86	
1.93	24.00	43.03	
1.93	23.63	43.77	
2.23	23.00	44.00	
1.97	23.00	43.79	
1.88	23.00	43.54	
2.27	23.00	43.00	
2.63	23.00	44.00	
1.78	23.00	44.00	
1.78	22.00	44.00	
0.67	22.00	46.77	
0.23	22.00	47.47	
0.00	22.00	49.00	
4.33	10.67	74.00	
3.67	11.00	71.27	
2.50	8.17	86.50	
4.34	7.86	87.59	
3.37	8.00	85.83	
2.70	7.23	86.07	
3.90	6.97	87.90	
6.50	5.47	90.53	
5.87	4.53	93.07	
7.23	4.53	92.23	
8.17	4.00	93.03	
4.53	4.27	90.90	
5.73	2.69	92.88	
5.14	2.00	95.43	
5.36	1.00	95.73	
3.89	1.00	95.89	
4.20	0.47	96.33	
4.30	0.00	96.67	
6.57	0.93	97.80	
8.53	2.70	98.90	
9.03	4.67	93.90	
9.40	5.37	90.60	
9.37	6.57	86.47	
6.47	9.83	71.63	
5.86	9.14	68.24	
13.63	5.73	83.10	
14.97	3.62	89.76	
25.72	2.83	92.72	
54.97	2.00	94.55	
48.77	1.53	95.00	
54.90	1.77	96.30	
55.80	2.93	95.43	
68.83	2.21	95.07	
61.03	2.00	95.63	
52.55	2.90	95.21	
36.86	3.00	94.95	
29.53	2.53	94.63	
24.17	1.09	94.78	
20.76	0.00	95.65	
20.69	0.00	96.69	
16.35	0.19	97.15	
3.14	2.72	88.83	
3.07	4.07	82.55	
3.73	5.33	76.73	
8.20	6.00	77.03	
9.66	5.83	79.07	
7.93	5.57	78.60	
6.79	6.00	74.38	
9.43	6.00	76.63	
6.40	5.83	76.80	
6.70	5.00	89.20	
6.57	5.03	95.17	
9.83	6.00	96.60	
5.87	5.23	94.63	
9.30	5.00	95.67	
8.70	5.10	97.83	
3.60	6.53	98.43	
1.17	7.47	96.70	
0.68	8.00	96.00	
1.69	8.00	97.00	
1.93	8.00	95.66	
1.73	8.07	93.20	
2.13	9.00	90.37	
3.07	9.23	88.83	
3.30	10.40	88.20	
3.15	10.00	88.23	
3.55	8.64	100.50	
3.53	8.53	98.23	
5.70	8.00	98.63	
6.07	8.00	99.00	
7.27	8.00	99.00	
7.03	8.38	99.00	
4.37	8.00	99.00	
4.92	8.00	99.00	
3.70	7.00	97.60	
1.07	6.45	97.52	
1.27	6.03	95.90	
1.40	6.27	93.90	
1.00	7.00	90.27	
0.93	7.03	88.33	
0.97	7.83	86.37	
0.97	7.10	85.73	
1.03	7.00	84.63	
4.90	6.07	85.20	
12.50	5.47	86.80	
8.70	4.77	89.20	
10.97	4.00	91.50	
7.57	4.73	87.80	
14.30	5.00	89.23	
17.13	5.97	93.73	
11.93	6.00	93.11	
13.21	5.55	92.07	
12.00	3.63	93.00	
15.70	2.39	96.26	
8.23	2.81	96.46	
3.71	3.00	96.00	
3.00	4.00	90.60	
6.67	4.00	88.33	
5.97	4.00	88.63	
4.89	4.93	86.32	
6.47	6.00	83.03	
8.00	6.67	81.33	
7.53	7.00	79.23	
8.27	7.00	79.70	
9.50	6.67	78.47	
21.87	6.00	82.33	
18.03	6.00	84.30	
25.90	5.80	85.90	
27.03	5.00	87.07	
17.87	5.00	86.70	
23.57	4.47	89.13	
33.23	4.00	92.57	
43.27	4.00	92.80	
37.76	3.31	93.38	
38.77	3.00	95.50	
38.11	3.00	95.00	
14.63	3.17	94.00	
11.20	4.00	94.07	
6.48	4.00	95.59	
4.67	4.00	96.90	
2.73	4.97	97.33	
2.97	5.47	96.90	
2.33	6.10	96.67	
1.53	7.00	94.80	
1.33	7.60	92.63	
3.77	7.00	96.33	
3.50	7.00	96.47	
7.20	6.17	97.60	
7.23	6.00	97.90	
6.07	6.00	98.10	
5.47	6.00	97.00	
4.50	6.00	97.13	
6.21	6.00	97.14	
7.23	6.00	97.00	
5.52	6.00	96.97	
5.52	6.00	97.48	
6.07	6.00	96.86	
4.22	6.00	96.78	
5.30	6.00	96.27	
6.97	5.50	96.97	
9.23	5.00	97.87	
8.47	6.10	97.03	
6.60	7.93	90.70	
5.40	8.87	85.43	
4.97	11.20	76.57	
4.00	10.30	75.03	
4.10	9.60	74.80	
4.43	7.93	82.80	
9.73	7.00	88.70	
14.93	6.17	90.73	
20.27	6.00	92.93	
24.97	6.00	93.00	
27.90	6.00	92.90	
32.10	6.00	93.00	
34.90	6.00	94.17	
32.67	6.80	94.60	
19.13	6.47	95.17	
13.83	6.00	96.00	
11.25	6.00	96.00	
8.14	6.00	96.46	
5.93	6.00	96.00	
6.24	6.00	96.10	
6.93	6.70	95.17	
6.13	7.00	93.87	
6.97	7.00	92.97	
5.83	7.00	91.73	
6.23	7.07	92.60	
5.97	7.00	95.37	
3.97	6.73	98.00	
4.40	6.00	98.93	
3.72	6.41	97.97	
4.10	7.00	97.30	
4.33	7.00	98.43	
2.83	7.00	96.70	
2.43	7.00	93.93	
1.67	7.97	89.67	
1.50	7.23	92.97	
1.58	7.00	94.21	
1.39	7.11	94.11	
2.15	7.30	96.37	
1.33	7.93	97.47	
1.07	8.00	96.11	
1.39	8.00	96.29	
1.90	8.00	96.23	
1.83	8.97	94.67	
1.67	9.50	90.00	
1.70	10.23	86.23	
1.87	11.10	83.03	
1.93	11.60	81.07	
1.83	9.53	95.33	
1.83	9.00	97.67	
1.73	9.00	99.37	
1.23	9.00	100.00	
1.07	9.00	100.60	
1.03	9.13	100.97	
2.10	10.00	100.23	
1.33	8.73	97.83	
1.37	8.00	96.47	
2.50	7.08	96.62	
2.00	7.00	97.36	
0.88	6.47	97.41	
1.09	6.26	98.09	
1.54	6.00	98.79	
1.93	5.20	97.97	
2.20	6.07	97.20	
1.63	8.10	90.57	
1.70	10.83	76.80	
2.30	10.90	71.23	
2.40	9.80	74.40	
2.17	8.67	76.47	
1.83	7.73	81.93	
4.23	6.97	89.03	
7.27	6.00	92.30	
10.93	5.20	94.23	
11.73	5.70	94.73	
13.57	4.93	93.50	
20.00	3.13	96.60	
23.87	3.00	98.23	
26.86	3.00	98.07	
17.21	2.82	99.32	
13.18	4.00	98.76	
15.35	4.00	97.00	
11.63	3.03	97.33	
10.63	3.00	96.00	
10.13	2.79	95.71	
9.77	2.37	96.53	
10.20	3.00	93.97	
12.77	3.73	91.13	
13.30	4.83	86.57	
9.73	6.23	79.90	
6.28	7.00	74.76	
8.07	5.20	84.37	
9.87	3.07	91.60	
19.45	2.00	95.07	
21.50	1.00	96.17	
18.20	0.43	95.10	
23.43	0.00	95.63	
22.10	0.00	96.80	
35.83	0.00	97.20	
35.97	0.00	96.20	
30.10	0.00	97.07	
27.20	0.00	95.93	
15.84	0.00	96.36	
11.96	0.00	96.96	
12.67	0.00	97.08	
14.11	-0.86	96.75	
17.33	-0.57	97.47	
18.90	1.07	94.20	
17.47	5.00	79.13	
16.17	6.33	72.47	
16.07	8.10	66.69	
15.90	9.00	61.77	
14.27	7.93	61.80	
15.53	5.27	74.33	
30.33	3.03	82.30	
28.59	1.69	88.83	
24.77	1.00	91.47	
45.20	0.93	92.63	
51.77	0.00	94.07	
47.69	0.00	95.48	
33.70	0.00	95.50	
43.40	0.00	95.17	
38.04	0.00	96.26	
39.25	0.00	96.00	
39.55	-0.03	95.97	
35.08	-0.83	95.25	
36.57	0.00	95.70	
33.57	0.00	95.80	
29.27	0.00	95.37	
23.63	1.67	90.83	
18.38	6.03	75.07	
16.57	8.47	64.43	
11.37	7.00	66.53	
13.60	7.17	68.53	
13.63	7.70	67.23	
15.70	7.00	70.97	
15.63	7.00	73.00	
15.33	7.00	74.63	
20.53	7.00	75.63	
26.13	7.00	77.10	
25.20	7.00	77.57	
14.50	7.00	75.77	
14.27	7.00	75.37	
12.13	3.47	70.20	
12.07	7.00	75.87	
6.67	7.00	75.67	
5.25	5.68	77.50	
5.86	7.50	84.29	
1.97	8.00	88.70	
2.33	8.00	87.00	
1.67	8.77	89.77	
1.60	9.00	89.93	
1.20	9.80	78.30	
1.43	10.90	71.53	
1.10	11.63	71.10	
0.97	12.00	66.07	
1.10	12.00	65.77	
2.10	11.37	68.10	
3.33	10.33	72.33	
3.37	10.00	74.47	
3.90	10.00	71.07	
3.03	10.00	72.43	
2.80	10.00	73.03	
2.57	10.37	68.07	
2.77	10.47	67.90	
3.17	10.00	74.57	
2.41	8.79	87.14	
1.84	8.00	92.84	
5.61	8.00	96.57	
2.40	8.00	96.35	
1.60	8.00	94.27	
1.62	8.00	93.28	
2.23	8.00	92.47	
2.07	8.80	90.70	
4.13	9.00	88.57	
2.80	9.93	84.47	
4.23	10.67	81.03	
3.00	11.33	79.13	
3.93	11.37	80.47	
3.53	11.97	79.43	
3.70	11.00	81.27	
4.47	10.33	82.70	
8.76	10.00	85.79	
8.76	8.97	88.62	
10.67	8.00	91.57	
11.23	8.00	91.50	
6.47	8.00	90.50	
7.17	7.93	92.33	
10.27	6.80	94.20	
11.63	6.00	96.41	
9.71	6.00	96.59	
16.89	4.94	97.56	
12.53	5.00	96.97	
12.30	5.20	96.87	
7.10	7.10	87.43	
3.00	9.45	66.97	
16.83	8.57	79.67	
16.30	8.30	84.80	
15.67	9.00	81.67	
14.67	8.07	82.80	
2.93	8.90	63.33	
2.37	9.00	62.03	
2.93	9.00	59.47	
5.47	9.00	59.67	
7.90	8.77	74.60	
10.23	8.50	80.27	
1.07	9.77	73.70	
0.70	8.43	79.83	
1.00	7.73	82.30	
1.48	7.00	84.00	
1.54	6.46	90.68	
0.89	5.89	93.67	
1.56	5.88	92.50	
0.67	5.03	87.90	
0.59	5.00	87.52	
0.33	5.00	86.67	
0.67	4.60	93.20	
1.37	4.70	95.47	
2.34	5.00	95.07	
3.27	5.57	97.10	
2.39	6.00	96.00	
2.90	5.90	94.47	
1.73	5.00	94.20	
2.37	5.00	96.23	
1.90	4.23	95.33	
2.40	4.00	95.30	
2.77	4.00	96.00	
2.57	4.00	96.00	
3.03	4.00	95.67	
1.96	3.50	94.69	
3.42	3.89	95.47	
6.74	3.00	97.00	
5.90	3.00	95.17	
5.70	3.00	95.57	
6.77	2.70	96.00	
7.10	2.00	97.90	
4.60	4.47	93.83	
4.77	6.93	84.47	
3.00	8.13	78.70	
2.80	8.50	76.00	
2.37	9.27	71.97	
2.27	8.77	73.83	
6.30	6.87	82.33	
8.17	6.00	86.50	
3.50	6.00	84.60	
2.47	6.00	80.73	
1.97	6.00	78.00	
1.80	6.00	74.97	
1.30	6.00	71.77	
1.17	6.00	69.37	
0.86	5.07	63.00	
0.77	5.23	60.17	
0.67	6.29	69.92	
0.86	5.03	80.90	
0.70	4.73	86.93	
0.57	4.00	90.57	
0.83	4.00	91.40	
0.41	4.00	88.62	
0.23	4.70	85.57	
0.60	5.00	82.97	
0.73	5.07	81.77	
0.73	6.00	79.23	
0.80	6.57	74.40	
9.90	6.23	93.90	
10.57	7.00	95.97	
9.97	7.37	96.00	
7.47	8.73	96.27	
3.17	10.00	94.23	
1.77	10.00	94.23	
4.90	8.83	93.63	
0.90	10.57	90.43	
0.87	11.00	89.90	
0.67	11.00	89.59	
0.47	10.00	89.89	
0.44	10.00	95.81	
0.55	8.45	96.18	
3.21	8.67	94.96	
4.83	7.60	94.90	
6.07	7.00	96.83	
5.73	7.23	96.63	
6.00	8.93	94.20	
4.57	10.00	86.80	
4.07	11.07	83.67	
3.13	11.97	80.20	
1.83	12.20	71.97	
1.77	12.23	72.30	
1.50	11.07	73.53	
2.03	9.37	78.37	
3.30	9.00	78.87	
2.10	9.00	77.30	
2.13	9.00	78.47	
2.28	8.24	79.38	
1.93	8.00	78.47	
1.83	6.67	73.73	
2.60	7.17	71.67	
5.35	9.00	73.00	
5.00	8.80	67.03	
4.00	8.00	72.00	
4.62	5.86	70.28	
3.59	7.00	69.07	
3.23	6.17	74.93	
2.97	6.00	74.40	
2.60	6.10	73.70	
2.73	7.00	71.80	
2.38	7.00	69.83	
2.20	7.47	68.90	
2.53	8.00	68.63	
2.27	8.00	67.63	
3.20	7.70	68.93	
3.27	7.00	69.53	
3.30	7.00	70.97	
3.87	7.00	71.03	
4.07	7.00	72.03	
4.10	6.67	73.00	
3.77	6.40	73.00	
3.17	6.10	73.10	
3.20	6.00	74.00	
3.27	6.00	74.53	
3.41	6.00	74.17	
3.14	6.00	73.33	
2.90	0.80	66.00	
3.00	2.94	69.35	
4.06	2.94	65.47	
4.00	6.00	75.00	
4.18	6.00	74.86	
4.23	6.07	73.67	
4.30	8.03	67.83	
3.53	10.00	60.97	
3.43	11.00	58.07	
3.59	11.66	56.28	
3.70	11.40	56.37	
3.70	10.20	59.50	
3.43	7.47	67.20	
4.80	6.57	70.43	
6.10	6.00	71.45	
6.17	6.00	70.87	
6.23	6.00	70.30	
5.43	6.00	70.77	
5.03	6.00	70.27	
3.90	6.00	70.20	
3.87	6.00	70.13	
3.17	5.76	68.14	
3.48	5.00	72.00	
3.73	5.00	72.00	
3.85	3.04	65.15	
3.90	5.00	70.62	
3.87	5.00	70.47	
3.37	5.07	70.03	
2.90	7.03	63.90	
2.69	8.90	57.52	
2.10	9.90	54.10	
1.86	10.59	52.14	
2.10	11.00	51.37	
2.21	9.86	53.45	
3.66	6.79	61.10	
4.23	6.00	63.40	
3.87	5.97	65.17	
3.87	5.13	64.90	
3.70	5.00	64.20	
3.30	5.00	61.83	
3.23	5.00	63.63	
2.53	5.00	62.17	
2.08	5.00	63.15	
1.77	4.73	64.00	
1.75	4.42	63.38	
2.07	4.00	62.87	
2.25	4.00	64.04	
2.16	4.00	64.06	
4.11	3.04	64.19	
4.00	3.70	63.53	
3.48	5.24	58.41	
2.97	6.97	53.13	
2.50	7.87	50.97	
2.24	7.79	51.52	
1.97	7.30	51.83	
2.17	6.24	54.86	
3.07	3.40	63.10	
3.20	3.00	64.90	
3.48	3.00	65.28	
3.00	3.00	65.69	
2.38	1.28	62.97	
2.70	2.73	65.83	
3.00	2.80	67.70	
4.40	2.23	68.67	
4.80	2.00	69.57	
5.93	2.00	69.90	
4.62	0.34	64.52	
3.77	2.00	68.97	
4.17	2.00	68.90	
4.37	2.43	68.10	
4.31	3.00	66.17	
4.62	3.69	64.38	
4.48	4.00	63.66	
4.90	4.00	62.87	
5.43	4.40	63.00	
5.47	5.00	61.67	
4.45	3.79	65.07	
4.30	3.00	66.87	
5.10	3.00	68.07	
5.47	3.00	69.00	
5.17	3.00	68.37	
5.20	3.00	67.60	
6.33	2.10	68.97	
7.37	2.00	70.00	
7.60	2.00	70.00	
7.35	2.00	70.81	
7.57	2.00	70.20	
8.86	2.00	70.00	
9.17	2.00	69.70	
8.59	2.48	68.55	
9.00	3.00	68.00	
8.47	3.00	68.37	
9.34	3.00	69.41	
9.47	3.37	71.23	
9.33	4.90	65.40	
9.20	5.57	62.43	
9.34	5.76	62.52	
9.93	6.00	62.03	
9.76	5.48	63.07	
11.00	5.00	67.93	
10.97	4.17	76.76	
10.48	3.00	86.21	
9.83	3.00	89.10	
8.07	3.00	92.03	
7.03	3.00	91.23	
3.52	3.59	87.69	
2.47	4.00	84.07	
2.59	4.00	79.97	
2.69	4.76	78.21	
3.38	5.00	78.00	
3.93	5.00	77.93	
4.45	5.00	77.34	
4.17	5.76	76.03	
4.45	5.48	79.17	
4.59	5.38	83.86	
4.24	6.00	83.14	
4.45	7.00	77.86	
0.80	9.77	78.27	
1.21	9.48	77.72	
1.34	8.66	84.34	
2.03	8.00	87.38	
1.72	8.00	85.90	
2.07	8.00	86.57	
2.10	8.00	87.76	
1.97	7.31	89.17	
1.59	7.00	88.21	
1.34	7.00	88.41	
1.90	7.00	91.90	
1.55	7.00	92.17	
2.63	6.27	94.07	
4.13	6.00	95.90	
8.66	5.69	96.17	
9.13	4.47	96.13	
6.57	4.30	98.40	
5.69	6.45	95.90	
4.86	9.28	85.03	
7.48	10.21	83.66	
6.93	9.83	86.62	
5.45	9.00	91.21	
5.24	8.69	92.69	
3.97	7.55	93.86	
3.07	7.00	96.03	
3.14	7.00	98.86	
3.48	7.00	100.07	
2.10	7.00	99.23	
1.90	6.34	99.48	
1.86	7.00	100.03	
1.86	7.00	100.00	
2.90	7.00	100.47	
3.07	7.97	101.00	
1.37	9.80	103.00	
0.14	11.00	101.17	
0.41	11.00	100.76	
9.48	10.03	97.86	
24.38	7.72	98.90	
18.93	7.00	99.23	
11.00	6.55	98.66	
16.34	6.00	99.86	
15.38	6.97	99.48	
16.79	7.86	98.90	
19.07	9.55	96.86	
11.93	10.90	93.31	
8.45	11.00	91.03	
7.21	11.00	88.55	
7.21	11.00	88.90	
11.93	10.34	93.21	
24.52	8.69	96.83	
34.52	8.00	98.69	
47.00	8.00	98.93	
40.00	7.73	99.00	
31.27	8.00	98.67	
22.59	7.10	98.00	
15.00	7.00	98.00	
17.24	7.00	98.66	
18.43	7.00	98.97	
17.67	7.00	98.13	
15.14	6.97	98.03	
12.14	6.03	98.00	
9.55	6.00	98.00	
9.27	6.00	98.80	
10.87	6.00	100.00	
7.17	6.00	99.97	
4.83	6.00	99.17	
5.66	6.00	99.72	
5.83	6.93	98.93	
6.07	7.00	97.38	
4.57	7.13	96.37	
2.77	7.00	95.23	
3.24	6.52	95.90	
3.69	6.00	96.38	
5.97	6.00	96.83	
11.21	5.41	97.31	
19.38	5.14	98.76	
24.90	5.00	98.21	
33.69	5.00	98.90	
41.00	5.34	98.28	
45.72	5.00	99.00	
25.21	5.00	98.21	
20.03	5.00	97.93	
16.10	4.41	97.48	
18.48	3.34	98.69	
20.10	2.66	98.93	
21.90	3.00	100.00	
22.72	3.90	99.14	
24.45	4.00	99.66	
22.69	4.31	100.55	
21.34	5.31	98.48	
12.76	6.55	94.48	
11.03	7.28	90.83	
9.14	8.00	88.17	
9.03	9.31	85.62	
8.37	8.53	84.87	
11.90	8.38	86.69	
10.90	7.07	91.14	
10.48	7.00	93.17	
12.52	7.00	94.34	
14.72	6.17	94.24	
23.53	5.40	94.60	
14.93	5.00	95.59	
17.52	5.00	95.59	
21.62	4.31	95.62	
17.93	4.00	96.00	
13.31	4.00	95.76	
18.45	4.00	96.00	
4.79	5.93	89.79	
5.59	6.00	91.31	
4.97	6.00	97.93	
5.66	6.00	98.69	
4.86	6.00	97.69	
1.62	6.00	98.55	
1.48	6.00	98.90	
1.07	6.41	97.93	
3.38	7.00	96.59	
3.86	7.31	94.90	
2.13	8.00	93.60	
1.97	8.00	94.76	
2.62	8.41	95.55	
0.80	9.00	96.30	
0.79	9.00	98.66	
0.45	9.00	99.10	
0.33	9.00	100.00	
0.13	9.00	100.00	
0.00	9.07	100.00	
0.00	10.00	99.67	
0.00	10.00	98.28	
0.03	10.00	96.24	
0.00	10.93	93.31	
0.41	11.00	93.24	
0.79	11.00	90.55	
0.86	11.90	86.79	
0.97	13.38	77.62	
1.86	13.45	74.59	
1.83	12.69	77.03	
2.17	12.83	76.34	
1.97	12.17	77.31	
2.21	12.00	78.66	
2.24	11.17	81.90	
3.79	10.72	83.83	
5.34	10.00	86.17	
6.38	9.62	88.21	
8.86	7.45	93.10	
9.37	7.23	96.67	
6.50	8.57	93.60	
8.72	9.00	92.66	
8.90	9.00	92.83	
8.86	9.00	93.00	
8.00	8.14	94.24	
7.93	7.27	95.43	
9.21	6.79	95.59	
8.79	6.00	97.38	
6.93	6.59	98.07	
5.14	7.41	95.76	
7.83	8.21	92.31	
9.52	9.41	87.00	
7.90	10.86	80.00	
6.34	12.00	72.66	
6.87	11.23	74.30	
5.03	9.03	69.62	
4.62	11.00	70.48	
4.59	10.24	73.83	
4.24	9.00	76.59	
8.07	6.34	86.48	
17.90	4.60	92.47	
34.90	4.66	94.93	
23.62	6.00	92.07	
6.59	7.00	87.10	
6.77	6.50	87.27	
11.40	4.33	92.13	
9.21	4.00	95.34	
8.83	3.24	95.17	
10.62	3.00	96.24	
13.66	3.07	97.31	
12.07	4.00	96.24	
10.66	3.48	96.31	
9.21	4.34	95.24	
10.52	5.00	92.93	
11.34	6.14	90.28	
9.62	7.45	84.45	
9.00	8.62	78.03	
10.52	9.38	74.14	
10.28	9.83	71.28	
10.52	9.83	72.34	
11.48	9.00	74.03	
13.76	8.66	75.45	
13.97	6.90	82.38	
24.28	4.76	89.97	
29.45	3.62	93.17	
30.93	2.97	94.69	
53.33	2.00	95.20	
61.59	1.48	95.62	
62.31	1.00	96.00	
60.60	0.50	96.50	
57.00	0.00	97.00	
53.72	0.00	97.00	
56.03	0.00	97.77	
42.45	0.55	99.76	
32.76	1.72	98.83	
22.34	2.66	97.62	
16.76	3.17	97.21	
15.10	4.00	97.00	
16.10	4.00	96.55	
14.25	4.04	95.29	
5.14	6.93	58.07	
4.62	9.00	52.00	
4.21	10.34	48.72	
3.34	11.55	46.66	
3.55	12.00	45.10	
3.28	11.31	46.21	
3.38	10.00	48.76	
4.34	8.21	52.83	
5.10	6.55	57.21	
5.48	5.66	60.90	
5.43	5.00	62.87	
5.34	5.00	64.48	
6.14	4.00	65.34	
6.87	4.00	66.60	
7.59	2.28	65.34	
8.10	4.00	68.00	
8.30	3.97	68.13	
8.45	3.00	66.45	
8.38	3.00	69.28	
8.83	3.00	69.03	
9.00	3.00	69.38	
9.83	3.00	70.69	
9.90	3.00	71.38	
9.97	3.21	71.34	
9.48	5.07	66.00	
7.83	7.93	57.24	
6.79	9.69	52.97	
5.80	11.40	49.57	
5.10	13.50	45.57	
5.00	12.69	45.79	
4.90	11.13	48.07	
4.86	9.31	51.69	
5.97	7.48	55.69	
6.31	6.21	59.31	
7.03	5.63	62.93	
7.40	5.00	64.63	
7.48	5.00	66.10	
7.40	4.37	68.70	
12.17	3.76	71.10	
8.67	2.90	75.50	
8.86	4.00	73.14	
9.38	3.62	71.45	
9.45	3.00	75.45	
10.93	1.79	79.66	
16.72	0.21	84.59	
13.10	0.00	87.50	
15.03	0.00	90.31	
19.86	0.24	88.59	
14.93	4.38	75.86	
8.97	9.66	55.83	
6.66	11.38	50.52	
7.73	13.97	46.40	
9.86	16.03	43.76	
8.62	15.34	46.45	
5.52	13.90	46.90	
6.21	11.59	51.59	
7.38	8.97	57.93	
10.83	7.24	63.66	
10.73	6.07	66.67	
11.52	5.14	70.79	
12.07	4.00	74.24	
9.41	3.21	69.59	
9.13	5.17	71.77	
9.24	6.00	69.28	
10.52	6.00	70.66	
17.80	5.70	75.40	
12.83	5.00	84.34	
11.37	5.17	86.07	
12.00	5.86	85.31	
11.07	5.97	86.59	
10.83	6.00	85.10	
11.38	6.34	86.10	
11.69	7.00	88.48	
12.28	7.52	87.79	
25.43	7.97	89.37	
22.69	8.34	89.41	
16.38	9.00	88.31	
17.23	10.00	89.97	
15.72	9.48	89.90	
20.66	9.00	93.72	
17.87	8.20	94.63	
19.97	8.17	96.72	
17.41	9.48	99.28	
12.48	9.86	96.45	
18.10	9.00	95.80	
20.03	8.24	94.52	
24.24	8.00	95.86	
22.33	8.00	96.37	
17.86	8.00	96.00	
18.28	7.07	94.83	
17.87	6.00	96.30	
14.90	6.73	96.53	
15.24	7.00	95.59	
13.59	7.00	94.00	
15.87	6.93	95.70	
21.31	6.41	96.83	
22.72	7.59	96.97	
22.59	8.00	96.03	
19.07	8.43	95.07	
12.80	9.00	94.17	
11.00	9.00	91.41	
7.72	9.00	89.17	
3.72	9.00	86.21	
2.21	8.69	84.62	
2.07	8.00	84.14	
3.97	8.00	83.87	
5.70	8.00	82.60	
4.80	8.00	81.27	
3.97	8.00	79.62	
7.40	8.00	78.73	
6.17	8.00	78.73	
6.69	7.90	78.97	
12.07	7.00	79.40	
4.14	6.97	87.55	
2.52	6.00	89.52	
2.90	6.00	86.38	
2.21	5.83	87.21	
3.00	5.38	86.76	
3.62	5.00	90.14	
3.38	5.00	93.00	
3.45	5.52	90.86	
1.93	6.03	84.24	
1.28	6.76	82.90	
1.79	7.14	77.93	
1.93	6.90	79.79	
1.97	7.93	69.97	
1.66	8.41	65.03	
2.03	7.00	73.83	
2.93	5.34	85.72	
4.03	5.00	88.34	
2.79	4.34	91.41	
3.24	4.00	94.14	
2.24	3.41	94.76	
2.07	3.00	95.34	
2.27	3.00	95.60	
1.69	2.48	94.45	
1.45	2.00	94.17	
3.69	2.00	93.79	
1.97	2.00	93.67	
1.33	2.00	93.73	
1.69	2.00	93.00	
1.10	2.00	93.00	
1.86	2.00	94.83	
3.21	2.00	94.72	
3.03	2.83	92.17	
3.17	3.62	88.34	
4.07	3.00	90.62	
2.87	3.00	91.57	
4.72	2.62	91.55	
3.31	1.21	92.55	
3.52	1.00	91.48	
3.28	0.90	87.28	
3.76	0.00	84.76	
4.66	0.00	83.83	
5.45	0.00	83.69	
5.34	0.00	85.59	
6.97	0.00	90.41	
6.34	0.00	91.45	
5.69	-0.79	91.76	
5.17	-1.00	91.07	
5.31	-0.41	91.17	
5.66	0.00	92.03	
5.52	-0.45	92.55	
5.90	-1.00	92.10	
5.97	-0.86	91.41	
4.57	-0.20	87.67	
3.69	-1.00	87.69	
6.45	-1.00	88.97	
8.24	0.55	82.76	
6.97	3.48	70.97	
7.48	2.83	73.76	
7.73	2.27	75.23	
6.40	2.87	73.90	
6.93	3.80	70.93	
7.28	3.28	70.72	
9.03	2.55	74.97	
14.83	1.83	78.76	
16.45	0.24	85.59	
22.72	0.00	91.59	
24.21	0.00	93.14	
31.17	0.00	91.07	
41.00	0.00	91.28	
22.93	0.13	88.23	
23.24	0.00	89.62	
19.00	0.00	90.86	
19.24	-0.28	89.28	
17.86	-1.66	91.72	
20.57	-2.43	93.43	
19.21	-3.00	93.17	
15.21	-3.90	93.17	
14.41	-4.00	92.14	
26.07	-3.34	93.10	
14.79	-0.72	88.69	
13.03	1.72	74.69	
15.41	3.86	69.24	
15.10	4.41	64.45	
8.14	4.55	61.00	
8.93	4.48	60.38	
9.17	4.10	61.48	
11.62	2.66	66.55	
17.76	1.14	73.41	
13.40	0.00	82.20	
22.34	-0.90	87.07	
22.62	-1.00	89.17	
19.28	-1.00	90.34	
17.93	-1.00	89.83	
13.00	-1.86	87.66	
12.14	-2.00	85.28	
9.93	-3.07	80.21	
8.90	-2.00	83.38	
7.47	-1.53	79.70	
5.83	-1.00	76.55	
6.00	-1.10	75.93	
5.41	-1.03	75.07	
5.72	-1.34	75.00	
5.90	-0.86	72.86	
5.31	0.21	67.38	
4.55	1.55	61.31	
4.07	3.31	56.00	
4.00	4.03	53.03	
3.86	4.93	51.76	
3.86	4.03	51.97	
3.48	2.41	54.79	
3.62	1.59	57.03	
3.77	0.50	59.20	
6.45	0.00	61.21	
7.62	0.00	61.21	
7.17	0.00	61.66	
9.57	0.00	63.60	
8.62	0.00	63.38	
7.21	-0.83	64.38	
5.72	0.00	63.86	
6.17	-0.34	63.90	
6.53	-1.00	66.00	
6.31	-1.00	67.10	
6.76	-1.00	69.07	
7.28	-1.00	71.10	
7.48	-1.00	71.97	
8.07	-0.52	72.17	
9.10	0.00	71.66	
10.76	0.00	69.48	
14.03	0.69	68.79	
14.69	1.97	68.45	
12.55	3.38	64.17	
13.76	4.55	62.41	
14.07	4.93	66.45	
16.38	4.00	72.76	
16.14	4.00	78.17	
18.31	4.00	82.07	
20.97	3.20	91.63	
7.43	3.00	94.97	
8.10	2.69	95.03	
19.55	1.38	95.93	
7.38	2.00	97.72	
3.47	2.00	97.00	
3.00	2.00	97.52	
2.14	2.86	98.55	
1.07	1.77	96.93	
14.17	0.28	95.83	
17.53	-0.23	94.67	
16.69	-1.21	94.59	
13.76	-2.00	94.14	
11.90	-1.45	93.34	
10.72	-1.00	90.90	
10.14	-0.24	86.31	
5.48	0.00	81.45	
4.30	0.60	76.70	
3.00	1.00	65.00	
3.97	0.45	63.90	
4.62	0.00	67.34	
4.14	2.00	67.90	
3.97	2.00	71.79	
3.33	2.00	73.63	
2.59	2.00	77.76	
2.48	2.00	80.90	
1.00	4.00	98.79	
1.07	4.38	98.03	
0.79	5.00	97.76	
0.72	5.00	97.21	
0.77	5.10	97.70	
0.90	6.00	97.17	
0.72	6.00	97.41	
0.90	6.00	97.59	
69.93	6.00	97.31	
6.69	6.00	97.40	
6.69	6.00	97.00	
6.69	6.00	96.90	
6.69	6.00	96.10	
6.69	6.21	95.17	
6.69	6.97	92.72	
0.70	6.20	95.60	
0.48	7.00	93.90	
0.21	7.00	93.79	
0.00	7.00	88.28	
0.00	7.93	81.37	
0.00	8.00	77.00	
0.00	8.14	73.79	
0.00	7.70	78.20	
0.24	6.86	89.41	
0.48	6.00	94.55	
0.57	6.00	96.07	
0.41	6.00	95.93	
0.93	5.38	96.21	
1.10	5.00	96.83	
1.07	5.00	98.34	
1.23	5.00	97.70	
1.45	5.00	97.83	
1.90	5.00	97.83	
2.14	5.00	97.34	
3.97	4.23	97.00	
3.28	4.00	96.79	
5.33	4.00	96.90	
9.03	4.28	96.69	
9.52	4.00	96.69	
9.53	4.00	97.43	
11.37	4.00	97.83	
16.00	4.00	98.00	
14.27	4.00	97.40	
15.90	4.00	98.00	
14.55	4.00	97.72	
12.90	4.55	98.31	
13.45	4.83	97.31	
21.17	4.87	97.97	
28.28	4.76	98.00	
22.10	5.00	97.41	
18.14	5.00	96.66	
14.00	5.62	95.28	
11.31	6.10	93.59	
6.55	7.07	88.55	
6.72	7.76	83.93	
7.90	7.28	84.41	
8.45	7.00	85.17	
7.93	6.83	87.45	
4.86	5.72	88.59	
4.66	5.00	87.28	
4.97	4.55	85.69	
4.50	4.00	83.43	
2.55	4.00	80.52	
1.70	4.00	77.63	
1.86	4.00	76.52	
1.90	3.14	76.79	
1.03	3.00	74.47	
1.03	3.00	73.93	
1.38	2.69	80.34	
1.93	2.00	82.48	
1.55	2.00	81.10	
1.57	3.00	73.07	
1.62	3.48	69.28	
1.83	3.17	71.86	
1.79	2.21	86.52	
1.21	2.00	94.07	
1.17	2.66	94.38	
1.00	3.00	94.31	
1.24	3.00	95.45	
2.48	3.00	97.21	
4.00	4.50	99.37	
3.41	5.00	96.93	
4.52	5.00	95.90	
6.59	5.00	97.21	
8.47	4.47	95.63	
5.48	2.97	95.21	
3.83	2.63	92.97	
4.48	3.00	94.79	
2.20	4.47	94.67	
0.40	6.00	89.53	
0.47	5.37	88.10	
0.53	5.00	86.73	
0.41	5.00	88.79	
0.31	5.00	90.79	
0.14	5.00	90.72	
0.00	5.00	89.00	
0.30	5.00	88.17	
0.07	5.90	84.52	
0.21	5.72	87.97	
0.34	8.03	82.76	
0.10	9.00	72.10	
0.07	9.03	66.27	
0.24	9.00	65.21	
1.00	7.37	81.80	
1.90	7.76	83.28	
1.86	6.93	82.52	
3.77	6.20	83.43	
2.38	6.48	80.97	
3.63	5.90	83.60	
6.23	5.37	88.47	
3.80	5.00	91.10	
1.52	5.21	88.00	
1.03	5.48	87.03	
0.93	5.00	86.79	
0.77	5.00	92.63	
0.97	4.41	96.21	
1.07	4.00	97.00	
1.45	4.00	97.00	
1.93	4.00	96.52	
2.27	4.00	96.00	
2.10	4.38	95.79	
2.69	5.31	93.66	
1.38	6.00	91.34	
0.66	6.00	92.03	
1.03	6.00	91.41	
1.03	5.41	93.83	
1.24	5.34	95.55	
2.10	6.00	94.86	
3.41	5.69	94.28	
5.66	3.48	95.45	
17.90	2.83	98.48	
10.83	3.00	99.17	
15.31	3.00	98.76	
6.38	3.00	97.34	
5.87	3.00	97.53	
4.31	3.00	97.90	
6.24	3.00	97.97	
6.14	3.00	97.52	
6.79	2.21	97.48	
4.80	2.00	97.97	
4.62	3.00	97.07	
4.62	3.00	96.97	
6.24	3.00	96.79	
7.14	3.00	96.52	
4.79	3.00	95.24	
3.03	3.69	90.48	
2.28	5.10	83.41	
2.28	7.41	75.83	
7.10	6.21	78.72	
4.17	5.66	79.07	
2.79	6.34	74.66	
2.52	6.00	72.07	
2.72	6.00	72.00	
2.97	5.86	73.03	
7.00	5.00	75.97	
9.03	4.79	79.38	
8.31	4.14	82.45	
7.21	4.03	82.03	
11.73	1.60	89.73	
20.55	0.03	94.03	
22.45	0.00	94.45	
23.90	0.00	96.48	
25.83	-0.55	95.93	
26.93	-0.97	96.76	
29.53	-0.43	96.13	
29.07	-0.83	97.03	
30.21	0.00	99.48	
24.69	0.17	97.38	
22.41	1.00	96.55	
22.59	2.45	92.97	
24.83	3.55	88.97	
19.17	4.66	82.69	
14.40	6.33	76.00	
12.55	6.86	72.03	
10.07	7.17	68.52	
6.93	7.00	66.72	
8.28	6.38	69.28	
8.66	6.00	72.90	
7.20	4.47	81.73	
10.87	4.00	85.63	
14.62	4.00	88.03	
22.10	4.00	91.80	
26.40	4.00	93.07	
28.55	3.10	95.24	
30.97	3.86	95.86	
29.17	4.00	95.28	
21.17	4.00	94.28	
18.53	4.00	94.17	
15.24	4.00	93.24	
13.90	4.00	93.14	
12.72	4.00	93.00	
11.17	3.21	92.66	
9.33	4.00	91.50	
7.80	4.37	89.30	
6.41	5.00	86.83	
5.30	5.47	85.37	
4.83	6.00	84.38	
3.59	6.00	83.24	
3.07	6.10	83.47	
3.73	6.00	84.53	
3.57	6.00	87.70	
4.45	5.48	91.83	
4.86	5.00	95.28	
3.83	5.00	96.00	
3.60	5.00	96.93	
1.97	5.00	98.00	
2.28	5.00	97.76	
2.50	5.00	98.53	
1.76	4.72	97.69	
1.23	4.00	97.67	
1.03	3.73	97.57	
1.07	3.00	98.00	
1.62	3.00	97.38	
1.34	3.07	97.86	
2.47	3.00	97.13	
2.83	3.00	96.52	
2.62	3.90	95.79	
2.41	5.07	91.48	
1.90	6.47	86.60	
1.50	7.07	82.43	
0.97	9.77	72.27	
0.97	9.66	70.52	
0.72	8.38	74.10	
1.14	8.21	70.97	
1.67	7.17	79.37	
1.62	6.41	80.41	
4.62	4.59	85.10	
5.86	3.79	90.10	
9.62	2.31	93.62	
14.47	2.70	95.47	
11.69	2.52	92.52	
9.50	1.40	92.80	
12.62	1.52	92.10	
14.38	1.79	91.69	
12.93	2.00	91.10	
14.76	1.10	94.21	
17.03	0.07	95.17	
16.55	0.00	97.00	
12.50	0.00	97.50	
11.86	0.00	97.59	
9.66	0.24	97.38	
9.38	2.62	88.45	
8.24	7.24	70.55	
6.17	8.86	62.24	
5.48	9.62	57.14	
5.45	10.97	50.59	
2.55	10.17	45.93	
1.67	9.57	44.70	
1.86	7.97	49.72	
2.62	6.48	54.93	
7.69	3.79	67.52	
8.76	1.97	77.17	
10.10	1.00	80.28	
10.45	0.28	83.03	
9.48	0.07	81.79	
9.00	0.00	84.28	
5.21	0.00	81.41	
6.55	0.00	81.62	
7.28	0.00	86.34	
10.79	0.00	89.14	
13.41	-0.10	89.24	
10.07	-0.93	91.03	
8.97	0.00	89.17	
6.34	0.00	85.83	
4.90	1.41	77.93	
3.86	2.72	71.79	
3.69	3.72	69.72	
4.14	4.62	67.48	
3.00	5.72	66.00	
2.14	6.55	61.14	
1.76	7.38	57.86	
1.28	7.00	59.62	
2.67	5.77	75.67	
5.40	4.63	93.73	
4.90	4.00	96.41	
6.90	4.45	98.66	
8.48	5.00	98.03	
9.97	5.00	98.00	
5.31	4.00	97.93	
9.14	4.00	98.00	
7.48	4.00	97.69	
5.76	4.00	97.86	
7.79	4.00	97.72	
5.10	4.00	97.69	
4.83	4.00	96.97	
3.86	4.00	96.31	
4.80	4.00	97.30	
6.03	4.07	96.59	
4.72	5.00	95.03	
3.27	5.50	92.00	
3.03	6.76	88.00	
2.59	7.97	83.24	
2.34	7.90	81.45	
2.28	7.45	83.07	
1.97	7.73	83.30	
2.07	7.48	87.03	
3.28	6.66	89.45	
6.43	6.00	94.30	
9.66	6.00	95.48	
8.30	5.00	97.43	
4.28	5.00	97.45	
7.70	5.00	97.17	
10.62	4.93	96.10	
10.40	4.00	97.00	
4.52	4.00	97.07	
3.14	4.00	98.00	
3.59	4.00	99.45	
1.13	2.33	97.00	
2.10	1.00	99.00	
4.55	1.00	99.00	
7.59	1.00	98.97	
11.55	1.00	98.97	
11.34	1.45	98.14	
9.10	2.24	97.76	
5.69	3.07	96.14	
3.86	4.00	94.41	
4.00	4.69	92.72	
3.37	5.07	90.33	
6.62	5.07	89.76	
13.03	5.00	90.10	
8.52	5.00	88.55	
9.72	4.21	86.03	
11.72	3.14	87.55	
8.07	3.00	84.59	
10.57	2.87	85.37	
10.28	2.00	84.83	
9.62	2.00	84.24	
8.07	2.00	83.00	
6.31	2.00	81.24	
4.59	2.00	79.62	
3.31	2.00	77.31	
2.90	1.17	85.24	
2.62	1.00	89.76	
2.59	0.31	91.21	
2.10	1.00	87.62	
2.10	1.00	84.00	
2.21	1.00	81.48	
2.10	1.00	81.00	
2.38	1.79	79.55	
2.79	2.00	78.07	
2.07	2.00	77.00	
2.09	2.00	72.65	
2.45	2.59	70.17	
2.41	2.00	73.38	
3.52	1.34	75.31	
5.10	1.00	76.28	
5.13	0.77	81.10	
4.76	0.00	86.48	
6.48	0.00	83.93	
5.37	0.00	86.90	
6.69	0.00	86.62	
6.53	0.00	85.70	
5.70	0.00	83.37	
5.31	0.03	81.62	
4.48	0.00	79.28	
4.50	0.00	78.80	
4.21	0.00	79.83	
4.48	-0.66	80.07	
4.24	-1.00	78.97	
4.55	-0.52	77.14	
4.62	0.00	72.55	
3.52	1.66	63.62	
3.34	3.86	56.03	
3.23	4.07	53.63	
2.87	4.00	50.87	
2.07	3.60	46.57	
1.83	2.67	45.77	
1.90	1.73	45.43	
2.17	0.97	44.90	
2.24	0.00	45.41	
2.45	0.00	45.55	
2.48	0.00	46.62	
2.41	0.00	51.62	
2.60	-0.47	59.70	
2.59	-0.79	59.59	
3.07	-1.00	70.23	
2.79	-1.86	80.83	
2.24	-1.00	70.41	
2.00	-0.07	63.83	
2.27	0.00	61.90	
2.14	0.00	66.76	
2.72	-0.90	76.62	
2.14	-0.07	69.03	
1.93	0.00	65.83	
2.10	0.00	64.50	
2.14	0.90	64.34	
2.28	1.34	64.79	
3.03	1.55	73.28	
3.62	1.00	80.52	
3.21	1.17	74.66	
3.28	2.07	67.93	
3.93	2.00	65.76	
5.76	2.93	67.03	
8.31	2.00	69.03	
9.80	2.00	70.90	
11.03	2.00	71.93	
9.23	2.00	71.63	
9.60	2.00	71.30	
6.41	1.69	71.66	
4.53	1.37	71.90	
4.52	1.00	73.14	
4.76	1.00	73.72	
4.21	0.76	73.66	
3.52	0.00	73.21	
3.79	0.00	75.14	
4.34	0.00	79.45	
5.38	-0.97	81.07	
6.17	-0.86	80.62	
5.31	0.00	75.59	
3.76	2.66	64.62	
2.31	6.69	51.62	
2.00	13.00	51.00	
1.03	14.62	43.24	
1.10	16.69	38.72	
0.97	16.00	37.24	
0.93	15.72	35.83	
1.07	15.00	37.59	
1.62	13.90	41.28	
1.72	12.34	45.10	
1.69	10.83	48.31	
1.97	9.69	52.00	
1.97	9.00	53.72	
1.86	9.00	54.55	
1.62	9.00	55.38	
1.30	8.03	56.03	
1.34	7.79	58.31	
1.03	6.69	60.55	
1.48	5.66	65.31	
1.83	4.69	69.00	
1.48	4.66	69.10	
2.03	5.00	68.83	
2.21	5.69	67.45	
2.38	7.59	63.10	
3.41	9.14	60.28	
3.31	13.17	49.93	
2.83	16.07	42.66	
2.07	17.47	39.50	
1.76	19.59	36.00	
2.20	19.27	36.40	
3.28	19.00	36.59	
2.97	17.37	37.33	
2.57	15.83	40.07	
1.83	13.07	43.37	
2.24	11.28	48.00	
2.03	10.14	51.41	
3.87	9.10	53.90	
4.10	9.00	54.76	
4.62	8.69	55.52	
6.00	8.00	57.24	
6.76	8.00	58.69	
8.07	7.86	60.41	
10.69	7.00	63.10	
11.93	7.00	64.66	
12.17	7.00	65.03	
12.45	6.17	66.62	
4.10	10.76	48.28	
2.69	13.62	40.69	
2.17	15.17	37.97	
1.79	17.93	34.55	
1.31	19.93	32.03	
1.34	20.62	30.79	
1.34	21.72	29.45	
1.24	21.10	29.97	
1.31	20.45	30.38	
1.10	18.17	33.41	
1.34	16.66	35.24	
1.67	15.27	38.60	
1.93	13.93	40.77	
2.07	13.00	42.93	
2.17	13.00	43.31	
2.41	13.00	44.48	
2.97	12.41	45.90	
3.24	12.00	47.93	
2.93	12.00	47.97	
3.03	12.00	48.48	
3.07	11.86	49.41	
3.57	11.27	50.67	
3.48	11.66	50.90	
3.24	11.69	50.45	
3.28	12.55	48.00	
2.93	14.53	43.60	
2.97	15.62	41.10	
2.45	17.55	38.21	
2.28	19.86	34.41	
2.03	21.00	32.83	
1.75	20.54	32.93	
1.59	21.69	31.31	
1.52	21.66	29.97	
1.76	19.66	31.69	
1.43	18.37	33.20	
1.97	16.59	36.14	
2.17	15.66	39.21	
2.17	15.00	40.62	
2.28	15.00	41.69	
2.24	15.00	41.93	
2.62	15.00	41.28	
2.55	14.72	41.83	
3.17	14.00	44.28	
3.17	13.69	44.93	
3.00	13.00	46.21	
3.24	13.00	45.93	
3.83	13.00	46.83	
4.43	12.17	49.43	
4.14	12.90	48.24	
2.41	16.41	39.41	
1.83	19.00	34.48	
1.62	20.72	30.31	
1.31	22.45	28.24	
1.33	23.63	25.90	
1.17	24.97	24.53	
1.40	24.87	24.43	
1.23	24.07	25.37	
1.72	21.07	29.31	
1.86	19.48	31.86	
2.14	17.83	34.79	
3.34	16.41	38.48	
3.00	15.52	41.28	
3.00	14.79	44.24	
3.03	13.45	47.24	
4.79	11.86	52.39	
5.40	11.00	64.37	
4.93	11.00	65.45	
3.79	11.00	65.86	
3.24	11.00	65.31	
3.34	11.00	65.59	
3.59	11.00	69.69	
4.31	10.66	75.79	
5.07	10.90	73.70	
5.41	11.90	70.52	
5.83	12.66	69.17	
4.76	13.76	66.03	
3.90	14.24	64.59	
2.50	15.40	61.03	
2.93	15.17	61.00	
2.48	15.48	60.52	
3.77	15.00	64.07	
4.10	14.10	67.40	
3.70	13.80	69.77	
4.30	13.00	73.37	
5.70	13.00	75.37	
6.83	12.17	76.62	
10.50	11.77	78.87	
15.69	10.03	82.14	
16.31	8.52	85.00	
16.03	7.31	86.93	
15.62	6.48	87.79	
15.21	5.79	89.21	
13.00	5.00	90.45	
13.55	4.28	89.86	
12.47	3.57	89.57	
16.38	3.00	91.17	
12.93	5.13	94.73	
7.17	10.45	75.34	
4.28	12.90	64.03	
4.76	12.69	65.24	
7.83	11.00	79.41	
9.52	11.00	84.45	
13.07	11.62	84.93	
17.28	12.59	82.90	
12.90	13.31	77.38	
2.86	15.28	52.97	
2.24	12.34	70.10	
4.93	12.00	79.66	
3.45	11.10	76.07	
17.70	10.00	81.80	
15.10	9.93	83.40	
13.34	9.93	83.69	
7.20	10.00	80.70	
7.10	9.33	81.63	
7.07	9.00	83.00	
5.62	9.00	83.52	
5.17	9.00	84.41	
5.28	9.00	84.66	
5.90	8.41	84.97	
6.97	7.10	87.79	
8.03	7.45	89.17	
7.76	10.03	79.10	
6.62	11.48	73.21	
4.66	13.31	65.62	
2.83	15.45	54.66	
2.30	16.37	48.70	
2.14	18.10	43.14	
2.00	20.00	37.70	
1.63	19.87	34.80	
1.76	16.97	37.59	
2.69	15.62	44.14	
3.69	13.79	49.41	
19.14	11.21	58.62	
11.10	10.00	60.76	
6.86	10.00	62.28	
4.38	9.72	64.03	
3.45	9.00	66.59	
2.52	8.55	68.41	
3.86	7.90	71.90	
5.83	7.00	78.47	
4.72	7.62	77.31	
4.28	8.00	76.38	
3.10	8.76	71.00	
2.45	10.52	62.90	
2.38	11.34	59.14	
2.48	12.00	56.69	
3.00	12.50	55.00	
6.07	12.48	60.69	
3.21	12.00	72.10	
3.62	12.00	77.41	
5.00	12.00	80.66	
4.83	12.00	78.63	
4.83	10.57	86.13	
4.28	10.00	88.31	
4.77	10.00	86.10	
4.28	9.38	85.97	
4.21	8.76	88.52	
5.10	9.00	90.07	
4.03	8.38	91.66	
3.31	8.00	92.24	
2.24	8.00	90.79	
2.66	7.00	90.34	
3.76	6.34	92.52	
2.69	7.00	92.24	
2.17	7.00	91.03	
1.97	5.97	90.00	
3.00	4.34	91.00	
4.45	3.45	93.17	
3.55	5.59	95.07	
2.31	10.59	75.10	
1.86	12.07	67.28	
1.34	14.79	56.48	
1.10	14.62	52.34	
1.14	16.55	47.55	
1.14	18.62	40.48	
0.97	19.14	36.41	
0.97	17.79	38.00	
1.03	16.17	42.90	
1.38	15.07	45.38	
1.83	13.59	49.66	
3.07	11.69	54.24	
3.66	10.52	55.79	
4.00	8.90	61.47	
3.79	8.00	66.24	
4.45	7.62	68.76	
3.72	7.00	71.83	
3.62	6.28	75.24	
3.90	6.45	79.66	
3.66	6.00	79.69	
3.14	6.00	78.82	
2.90	6.00	76.73	
2.69	6.66	71.83	
1.00	10.41	51.21	
1.21	12.00	46.38	
1.13	13.00	44.13	
1.00	13.00	46.10	
1.03	12.28	59.24	
1.21	11.62	66.83	
1.00	10.59	72.17	
1.00	11.00	72.41	
1.10	9.83	73.45	
2.69	9.00	86.62	
4.14	8.14	89.79	
16.93	7.55	92.41	
3.28	7.00	91.79	
2.66	6.17	90.86	
3.62	5.55	91.69	
7.72	4.79	92.86	
2.86	4.17	94.52	
1.93	5.00	93.14	
11.77	4.07	92.73	
5.38	3.07	94.97	
2.07	4.00	95.67	
2.97	3.72	94.86	
3.62	3.17	95.55	
4.90	5.10	93.45	
5.21	8.66	81.76	
3.69	10.76	75.14	
1.62	12.72	67.38	
0.83	14.93	58.38	
1.45	16.31	54.93	
1.69	18.45	48.31	
1.17	19.48	42.21	
0.66	20.28	37.28	
0.97	17.28	44.45	
1.10	16.41	47.83	
2.10	15.31	53.10	
1.86	14.52	58.66	
1.60	13.10	64.43	
1.90	11.69	69.38	
3.03	9.90	76.28	
5.48	8.59	81.10	
9.48	7.41	83.66	
12.03	6.52	85.66	
11.93	5.76	87.55	
10.00	5.00	87.80	
10.83	4.31	88.79	
10.14	4.00	89.66	
9.21	4.00	91.45	
6.62	6.31	91.07	
3.48	10.83	72.79	
2.52	13.03	65.52	
3.03	14.69	60.72	
3.69	16.38	56.83	
1.93	18.79	48.97	
1.00	21.79	40.31	
1.14	23.21	36.17	
1.10	22.79	36.21	
1.31	20.24	40.03	
2.03	19.34	42.14	
2.93	18.00	45.76	
5.55	15.48	51.79	
7.17	14.13	53.57	
6.03	12.62	56.31	
3.62	12.00	59.41	
2.52	12.00	58.72	
3.10	10.34	64.90	
3.00	9.66	67.90	
2.52	8.41	72.72	
3.07	7.33	76.37	
2.79	6.00	79.93	
3.00	5.38	83.34	
2.72	5.72	82.48	
2.00	9.07	71.77	
1.93	13.28	58.17	
1.93	14.79	53.45	
1.97	17.24	48.14	
1.86	19.28	43.79	
2.17	20.48	41.10	
1.90	21.21	37.79	
1.90	23.28	34.86	
1.14	23.21	32.07	
1.07	21.52	32.17	
0.83	20.70	32.00	
2.41	18.79	36.24	
6.66	16.03	45.83	
10.86	13.93	54.55	
19.21	12.48	60.07	
17.93	11.59	63.00	
14.57	10.30	68.27	
11.62	10.00	71.41	
9.76	10.00	72.66	
8.48	10.00	71.52	
7.31	10.00	71.86	
5.66	10.00	73.10	
3.83	10.00	72.00	
3.59	10.00	71.24	
4.24	11.00	68.14	
5.28	12.93	63.76	
7.79	15.21	58.55	
9.10	16.57	54.23	
8.45	17.00	52.41	
7.79	17.31	52.24	
7.38	19.45	46.59	
6.55	20.00	46.14	
6.48	19.10	50.48	
1.31	15.83	53.38	
2.31	15.00	58.38	
3.28	14.55	64.69	
3.45	14.00	71.45	
3.31	13.38	76.31	
4.45	13.00	80.00	
3.97	13.00	82.45	
3.90	13.00	82.97	
3.45	13.00	83.66	
4.17	12.24	85.45	
5.52	12.00	87.17	
7.00	12.72	87.62	
7.53	13.50	85.13	
7.62	14.41	81.38	
8.38	15.24	78.62	
6.17	15.66	75.21	
3.28	16.59	71.31	
2.27	16.00	75.13	
2.41	16.48	74.90	
1.34	17.00	70.17	
2.31	17.00	70.72	
2.31	16.72	68.90	
9.10	15.38	79.62	
12.33	14.33	86.70	
6.55	13.90	88.00	
5.66	13.00	91.17	
8.48	13.00	93.59	
6.07	13.00	93.21	
5.21	13.00	93.66	
5.52	12.00	93.59	
2.69	12.00	92.66	
1.62	12.00	91.79	
1.38	12.00	91.52	
1.48	12.00	91.52	
2.63	12.00	90.63	
1.72	12.41	88.17	
0.93	13.28	83.79	
0.59	14.07	79.10	
0.24	13.69	85.69	
0.00	15.52	74.24	
0.00	16.48	65.31	
0.00	17.24	57.03	
0.31	17.97	50.10	
0.69	17.62	46.45	
1.03	16.52	49.69	
1.83	15.34	50.79	
2.31	13.69	56.86	
2.53	11.90	63.80	
4.24	10.45	70.21	
5.79	9.03	76.03	
8.90	8.10	79.86	
11.31	8.00	82.90	
11.86	8.00	83.28	
11.00	8.93	82.52	
8.21	9.00	81.93	
6.52	9.00	82.45	
7.66	9.00	83.28	
7.66	9.00	83.93	
6.77	9.00	84.43	
6.62	9.59	82.76	
5.14	11.24	78.55	
2.14	13.17	70.07	
1.52	14.83	62.79	
0.97	15.93	58.14	
1.76	16.41	57.14	
1.07	16.93	58.03	
2.52	16.28	64.07	
2.76	16.00	68.76	
2.00	16.00	68.10	
1.38	15.31	66.48	
1.83	14.72	69.86	
3.69	13.93	74.62	
1.66	12.31	85.45	
2.17	11.79	90.34	
2.07	11.07	90.86	
1.41	11.00	89.79	
3.63	11.00	90.17	
1.10	10.93	90.93	
1.03	10.00	91.14	
1.00	10.00	91.72	
0.93	10.00	91.76	
0.93	10.00	91.17	
1.17	10.00	92.28	
0.83	10.79	91.83	
1.10	11.00	91.03	
1.79	11.55	91.86	
1.10	11.66	91.79	
0.83	11.23	91.37	
0.34	12.00	87.97	
1.69	12.69	77.93	
4.10	13.07	73.69	
4.41	14.34	65.34	
3.55	12.48	68.00	
2.83	12.00	65.97	
2.62	11.00	70.45	
3.17	10.14	79.72	
5.59	9.41	86.59	
8.34	8.48	89.00	
9.62	7.34	90.72	
10.34	7.00	92.31	
7.93	7.00	91.69	
5.97	7.00	91.07	
4.31	7.00	89.79	
3.69	7.69	88.72	
3.41	8.00	88.93	
3.17	8.00	89.79	
1.80	8.00	90.33	
1.17	8.00	90.72	
1.50	8.40	92.57	
1.69	9.62	92.31	
0.97	12.10	81.83	
2.24	14.00	69.41	
2.86	14.59	65.59	
3.47	14.77	68.60	
4.03	13.97	70.86	
4.41	13.48	70.38	
4.93	13.28	72.24	
5.55	11.31	85.93	
5.38	11.00	87.59	
4.97	10.17	89.97	
4.33	10.00	92.57	
5.00	9.66	94.62	
3.10	9.00	94.72	
1.23	8.37	94.97	
0.67	9.00	95.70	
0.72	9.00	97.48	
0.76	10.14	99.28	
0.14	11.97	98.14	
0.00	12.00	97.69	
0.07	12.67	97.00	
0.10	13.00	96.50	
0.03	13.00	94.23	
0.07	12.45	91.17	
0.45	12.34	90.93	
3.00	12.97	88.00	
1.48	12.52	90.28	
1.52	12.24	90.48	
1.31	12.00	91.48	
2.10	12.00	91.23	
1.52	11.17	89.59	
1.83	10.79	91.62	
1.59	10.00	90.97	
1.45	9.21	90.66	
2.62	9.00	91.28	
4.72	9.00	92.62	
5.45	9.00	93.83	
3.03	9.00	93.69	
2.87	9.00	94.40	
3.13	9.43	95.00	
4.10	9.86	95.00	
6.86	10.00	95.21	
9.45	10.00	96.00	
9.28	10.00	96.00	
6.23	10.00	96.97	
5.45	10.00	97.00	
5.72	10.45	96.79	
4.53	11.00	96.20	
4.07	11.34	95.97	
5.76	12.00	95.03	
9.41	12.90	93.48	
8.69	13.97	91.76	
3.55	15.07	86.97	
1.59	15.03	85.31	
1.07	14.83	83.33	
1.00	13.83	85.76	
1.00	13.00	87.03	
1.69	12.66	87.93	
0.97	12.00	88.17	
0.83	11.21	84.59	
0.38	11.00	85.66	
0.69	10.76	86.72	
0.40	9.90	91.37	
0.90	9.00	94.90	
0.70	9.00	95.03	
0.83	9.00	94.24	
0.48	9.00	92.83	
0.41	9.00	92.55	
0.47	9.00	92.63	
0.93	8.55	90.90	
1.38	9.14	89.59	
2.45	11.00	79.97	
2.97	11.34	76.07	
2.66	12.31	67.10	
2.45	13.31	64.97	
1.55	12.93	65.83	
1.34	14.07	59.69	
1.60	14.17	53.27	
1.48	15.52	47.28	
1.13	14.00	53.23	
0.52	12.76	59.86	
0.83	11.53	64.70	
0.86	10.34	70.79	
1.03	9.52	78.00	
2.24	9.34	80.41	
2.28	9.00	86.17	
2.83	8.76	89.79	
1.72	9.00	88.90	
2.03	8.07	90.24	
1.86	8.00	89.76	
1.83	8.00	90.03	
1.76	8.00	91.00	
1.57	8.00	91.03	
1.69	8.00	89.66	
2.28	8.79	87.86	
1.69	9.38	84.86	
1.67	10.00	82.17	
1.59	10.93	79.34	
1.38	11.00	78.10	
1.34	11.00	84.59	
1.72	11.00	89.83	
1.31	11.00	89.45	
0.45	11.00	86.41	
0.76	11.00	85.00	
0.93	11.00	84.24	
1.03	10.93	86.62	
1.17	10.00	88.00	
1.34	10.00	88.90	
0.97	10.00	90.03	
1.17	10.00	91.52	
1.17	10.00	93.07	
1.45	10.00	94.00	
1.03	10.00	93.66	
0.83	10.00	93.00	
0.93	10.00	93.00	
1.62	9.31	93.86	
2.72	9.00	94.55	
2.33	9.00	94.33	
2.59	9.76	93.34	
2.34	10.00	92.83	
2.21	10.00	91.17	
2.14	10.90	86.07	
2.07	11.00	86.79	
1.48	11.00	87.66	
1.14	11.00	85.31	
0.93	11.00	84.48	
0.59	11.07	82.48	
1.59	15.59	62.21	
0.97	15.21	62.10	
0.83	14.48	65.41	
0.79	13.34	66.97	
0.80	12.13	70.23	
0.66	11.24	72.90	
1.00	11.00	75.66	
1.17	10.52	74.90	
1.45	10.24	76.97	
1.07	10.00	79.48	
0.90	9.24	81.28	
0.97	9.00	82.66	
0.90	8.93	83.00	
1.14	8.00	84.00	
1.76	8.00	84.83	
1.59	8.45	84.03	
1.38	9.00	83.76	
1.07	9.21	81.24	
1.23	9.50	81.57	
1.90	9.00	84.55	
1.76	9.00	82.34	
2.23	9.77	82.40	
2.24	10.59	80.90	
1.66	11.00	78.21	
2.07	10.59	77.86	
2.59	9.66	84.34	
2.69	9.00	91.86	
5.76	9.00	92.79	
8.79	9.00	91.52	
10.55	8.10	90.97	
12.17	8.00	91.86	
9.03	7.14	91.21	
5.83	6.00	92.31	
6.10	5.28	93.48	
6.07	5.00	93.97	
6.63	5.77	93.67	
6.07	6.00	92.66	
5.69	6.00	92.66	
6.62	6.17	92.52	
5.76	7.21	88.62	
5.66	8.38	84.38	
4.28	9.97	75.93	
3.72	11.00	67.76	
2.72	10.10	67.28	
3.34	10.34	68.34	
2.69	10.38	71.28	
3.07	11.00	66.86	
2.31	10.79	65.69	
1.79	9.83	69.55	
3.03	9.38	76.45	
3.69	7.10	75.90	
6.69	8.79	81.62	
6.45	8.00	86.34	
3.62	7.17	85.48	
3.62	6.90	86.59	
4.10	5.52	87.66	
4.97	4.28	89.97	
5.93	4.76	91.93	
5.83	5.55	91.21	
4.55	6.00	89.90	
4.52	5.28	89.76	
3.66	4.34	89.93	
3.34	4.38	93.34	
1.93	7.24	83.66	
1.17	10.86	67.24	
0.97	12.72	57.62	
1.00	13.00	54.00	
1.00	13.07	52.41	
1.03	13.90	50.41	
2.28	13.07	59.66	
2.00	12.00	61.97	
3.10	10.34	78.93	
4.14	9.03	85.69	
5.66	9.00	88.07	
4.90	9.00	88.69	
5.83	8.43	88.43	
14.83	7.79	88.93	
17.62	7.00	90.90	
17.72	7.72	92.34	
20.62	8.00	92.24	
24.14	8.00	91.48	
24.31	8.00	91.38	
25.90	8.00	92.17	
26.93	8.00	91.97	
26.52	8.00	91.72	
27.70	8.00	92.37	
23.53	8.67	91.33	
18.33	9.50	89.43	
8.83	11.33	83.90	
1.47	12.87	76.23	
2.03	14.00	72.47	
1.59	14.69	67.86	
1.45	15.48	65.59	
0.55	16.00	61.34	
0.20	16.50	58.73	
0.33	15.43	64.13	
0.55	15.00	72.03	
0.55	14.90	66.38	
0.30	14.00	63.47	
0.73	13.00	67.93	
0.93	12.59	71.79	
0.93	11.97	79.83	
1.86	11.00	85.38	
1.43	10.80	87.80	
1.07	10.00	88.21	
0.79	10.00	88.83	
0.93	10.00	89.10	
0.69	10.00	89.00	
0.55	10.00	89.00	
0.41	10.00	89.00	
0.72	10.24	88.72	
1.33	11.00	86.17	
0.72	12.00	82.03	
0.69	12.86	77.10	
0.59	14.00	72.45	
0.38	15.38	66.86	
0.14	16.93	62.28	
0.00	18.69	56.28	
0.07	19.83	52.03	
0.03	20.90	47.62	
0.00	19.47	50.20	
0.17	18.66	52.62	
0.86	17.55	56.28	
1.90	15.28	65.97	
4.21	13.21	74.69	
5.76	11.79	76.93	
7.10	11.00	83.38	
9.20	10.17	85.67	
9.76	9.59	86.48	
9.72	9.00	88.41	
9.90	9.00	89.14	
9.79	8.03	89.52	
9.62	8.00	91.14	
7.10	8.00	91.34	
5.28	9.48	90.55	
4.03	11.76	82.45	
2.86	15.41	69.55	
2.10	18.45	58.31	
1.83	20.48	54.17	
1.38	22.10	51.07	
1.13	22.90	47.93	
1.28	24.55	43.28	
1.28	26.52	40.38	
0.55	26.34	40.03	
0.55	25.00	42.52	
0.86	24.59	45.41	
1.83	23.50	48.37	
4.00	20.93	56.83	
3.00	19.47	62.73	
2.10	17.93	63.76	
1.69	16.41	68.59	
2.28	15.86	75.34	
3.34	15.00	78.52	
3.31	15.00	79.66	
2.69	14.03	81.45	
2.59	14.00	82.31	
3.20	13.87	84.47	
3.86	13.00	86.52	
4.10	13.76	85.66	
5.17	15.00	81.57	
4.62	17.45	72.07	
2.38	19.24	64.69	
1.34	18.48	65.72	
2.41	17.07	71.07	
1.69	16.10	72.10	
1.14	16.24	72.79	
1.62	14.90	80.72	
1.17	13.66	89.69	
1.77	13.00	92.97	
2.38	13.00	92.66	
3.21	12.69	92.90	
3.17	12.00	92.41	
3.90	12.00	92.21	
3.66	12.00	92.14	
3.90	12.00	91.41	
3.80	12.00	92.20	
3.38	11.03	92.00	
2.52	11.00	91.00	
1.97	10.43	89.77	
2.03	10.34	89.76	
2.52	11.00	89.34	
2.48	11.00	88.86	
2.34	11.00	87.45	
2.69	11.00	85.72	
2.53	11.30	83.37	
3.21	12.00	81.66	
2.59	12.55	77.66	
3.41	13.59	74.34	
2.07	16.41	63.03	
1.62	18.00	55.34	
1.07	20.45	45.28	
1.07	20.62	41.55	
1.17	18.66	44.83	
1.17	17.83	48.00	
1.83	16.62	54.62	
2.90	15.10	63.24	
3.52	13.59	69.66	
4.31	12.28	74.21	
4.40	11.00	77.47	
6.41	10.03	81.00	
8.38	9.34	83.83	
11.55	8.69	85.38	
7.43	8.00	87.83	
7.86	8.00	89.28	
7.31	8.00	89.03	
7.69	8.45	88.93	
3.93	9.38	84.14	
4.31	10.48	78.83	
3.34	11.00	74.10	
3.03	10.52	65.86	
2.90	13.86	63.31	
3.24	14.97	59.31	
3.21	15.24	58.17	
3.48	16.21	55.38	
3.83	16.21	55.07	
3.48	17.17	53.28	
3.31	17.10	51.17	
2.79	16.48	51.83	
2.93	15.07	56.43	
5.90	12.72	64.62	
8.48	11.00	74.83	
6.00	10.14	76.03	
4.86	9.79	76.10	
5.62	8.41	81.59	
6.34	7.28	84.24	
8.10	6.62	86.55	
9.31	6.00	87.52	
10.72	5.14	89.24	
11.28	5.00	89.41	
11.67	5.00	90.17	
11.86	6.45	90.90	
10.10	9.27	83.60	
7.34	11.45	75.03	
5.24	14.72	66.07	
4.38	16.90	59.28	
3.31	18.76	53.55	
2.97	20.14	46.07	
3.03	20.21	43.00	
3.87	20.00	44.10	
4.28	19.10	45.72	
4.76	19.00	53.45	
5.69	17.41	66.31	
7.62	15.86	75.28	
9.31	15.00	80.66	
12.24	15.00	81.97	
13.93	14.97	84.20	
14.03	14.00	85.24	
15.24	14.00	85.17	
16.31	14.00	86.90	
11.34	14.00	84.31	
8.00	14.00	77.97	
6.90	13.31	83.21	
5.66	13.00	87.28	
5.07	13.00	86.50	
3.86	13.28	84.24	
3.41	14.10	82.41	
2.31	15.00	79.28	
2.59	15.90	76.28	
2.72	17.31	70.97	
2.14	18.10	67.41	
1.28	19.00	63.97	
1.24	19.59	62.52	
1.28	19.93	60.21	
2.13	17.70	66.40	
0.72	16.28	68.66	
0.59	15.10	70.24	
1.97	14.34	70.79	
4.34	12.45	73.17	
4.34	12.45	73.17	
1.83	11.21	74.00	
1.28	11.00	72.14	
1.62	10.86	71.31	
2.14	10.00	67.38	
3.34	9.34	65.00	
3.77	8.03	68.47	
3.93	7.79	70.55	
4.31	6.21	76.55	
4.48	4.55	81.72	
5.66	4.00	85.28	
7.41	5.03	85.21	
4.83	8.90	69.48	
3.03	11.28	61.69	
3.03	12.48	58.59	
4.34	14.38	54.31	
5.52	15.76	51.07	
4.93	17.00	49.00	
3.69	19.21	45.45	
4.00	21.00	41.52	
3.52	21.14	39.48	
3.69	19.72	40.24	
3.83	18.34	42.10	
4.69	16.66	45.48	
5.48	15.24	49.69	
6.28	14.03	52.14	
6.07	12.93	53.79	
6.45	11.59	58.45	
7.50	9.87	64.27	
7.69	8.28	70.72	
6.48	8.48	70.76	
6.69	8.00	72.93	
6.69	8.00	72.34	
6.69	8.00	72.90	
6.69	8.00	74.00	
6.69	8.24	72.90	
6.69	10.21	67.72	
6.69	13.34	59.79	
6.69	15.97	53.90	
6.69	17.79	50.17	
6.69	19.93	45.83	
6.69	22.17	41.03	
6.69	24.34	36.72	
6.69	25.97	33.10	
6.69	24.03	32.67	
6.69	22.50	35.93	
6.69	20.55	40.31	
6.69	18.60	42.90	
6.69	17.52	45.07	
6.69	16.59	48.52	
6.69	15.87	52.87	
6.69	14.76	55.93	
6.69	14.00	58.50	
6.69	13.90	55.50	
6.69	13.00	55.79	
6.69	12.03	58.79	
6.69	11.10	64.83	
6.69	9.17	72.93	
6.69	9.72	73.45	
6.69	12.76	61.90	
6.69	15.50	52.07	
6.69	17.23	48.33	
6.69	17.77	43.10	
6.69	18.90	41.97	
6.69	20.45	37.45	
6.69	22.83	33.62	
6.69	23.07	33.63	
6.69	22.63	33.43	
6.69	20.30	33.30	
6.69	18.21	38.38	
6.69	15.97	44.69	
6.69	13.55	50.79	
6.69	11.70	57.67	
6.69	10.34	63.69	
6.69	10.00	66.90	
6.69	9.00	68.69	
6.69	9.52	66.55	
6.69	10.00	65.14	
6.69	10.00	64.97	
6.69	10.00	70.83	
6.69	9.10	80.59	
6.69	9.00	83.59	
6.69	9.07	84.69	
6.69	9.90	82.10	
6.69	9.72	82.97	
6.69	12.55	63.66	
6.69	13.45	47.31	
6.69	14.83	41.37	
6.69	13.47	46.80	
6.69	15.66	37.93	
6.69	16.55	35.38	
6.69	15.37	38.67	
6.69	14.07	39.80	
6.69	12.97	40.14	
6.69	11.48	44.62	
6.69	10.17	47.86	
6.69	9.14	52.21	
6.69	8.48	57.79	
6.69	7.63	63.47	
6.69	5.97	67.62	
6.69	4.55	76.10	
6.69	3.80	79.73	
6.69	3.00	82.03	
6.69	2.23	83.53	
6.69	1.90	84.43	
6.69	1.24	85.38	
6.69	3.34	86.45	
6.69	7.73	74.10	
6.69	10.90	62.76	
6.69	12.47	54.03	
6.69	14.48	47.69	
6.69	16.31	42.76	
6.69	18.52	38.00	
6.69	20.41	31.83	
6.69	21.27	29.50	
6.69	21.40	29.60	
6.69	21.17	24.48	
6.69	18.72	29.17	
6.69	17.57	30.67	
6.69	15.52	36.76	
6.69	15.00	35.62	
6.69	14.72	38.24	
6.69	13.34	43.62	
6.69	11.48	54.52	
6.69	10.21	59.10	
6.69	9.48	60.86	
6.69	9.00	63.76	
6.69	8.14	65.72	
6.69	7.31	68.79	
6.69	7.00	72.14	
6.69	8.23	68.87	
6.69	11.38	57.55	
6.69	14.59	48.66	
6.69	17.14	39.62	
6.69	18.48	33.38	
6.69	19.97	27.34	
6.69	21.33	22.80	
6.69	23.47	20.27	
6.69	24.07	19.93	
6.69	23.80	19.50	
6.69	22.03	17.87	
6.69	20.31	17.83	
6.69	18.83	18.24	
6.69	16.97	23.43	
6.69	15.52	31.34	
6.69	13.21	37.34	
6.69	10.43	46.23	
6.69	8.53	54.70	
6.69	7.30	60.17	
6.69	6.23	64.63	
6.69	5.24	67.83	
6.69	4.34	71.59	
6.69	3.59	75.24	
6.69	3.03	76.97	
6.69	5.38	71.52	
6.69	10.34	56.59	
6.69	13.90	48.50	
6.69	16.17	41.60	
6.69	17.62	37.45	
6.69	19.41	31.86	
6.69	20.55	26.66	
6.69	23.28	23.10	
6.69	24.21	23.00	
6.69	23.66	24.52	
6.69	21.03	28.83	
6.69	18.83	35.86	
6.69	16.53	36.47	
6.69	14.59	41.59	
6.69	12.55	51.72	
6.69	10.72	60.14	
6.69	9.52	64.55	
6.69	8.47	67.57	
6.69	7.10	71.52	
6.69	6.76	74.83	
6.69	7.48	75.76	
6.69	8.17	73.13	
6.69	6.69	70.79	
6.69	8.24	73.86	
6.69	9.00	71.63	
6.69	9.41	66.59	
6.69	11.20	63.90	
6.69	13.03	54.83	
6.69	14.62	48.90	
6.69	15.50	47.73	
6.69	16.52	45.31	
6.69	19.10	39.62	
6.69	20.79	36.31	
6.69	21.33	34.60	
6.69	19.63	36.67	
6.69	18.03	39.93	
6.69	17.03	44.97	
6.69	15.43	50.27	
6.69	13.52	55.48	
6.69	11.86	61.00	
6.69	10.55	65.21	
6.69	9.47	69.00	
6.69	9.00	72.34	
6.69	8.28	75.03	
6.69	7.72	77.10	
6.69	6.31	80.66	
6.69	5.10	83.86	
6.69	5.00	86.07	
6.69	7.03	84.28	
6.69	10.50	71.27	
6.69	12.90	62.48	
6.69	14.86	56.72	
6.69	15.31	54.76	
6.69	17.23	50.43	
6.69	19.24	45.03	
6.69	21.31	41.31	
6.69	22.79	41.90	
6.69	22.00	43.97	
6.69	21.37	44.97	
6.69	20.45	46.10	
6.69	19.21	47.59	
6.69	17.41	55.28	
6.69	15.63	61.67	
6.69	14.45	65.79	
6.69	13.28	69.86	
6.69	12.03	73.97	
6.69	10.38	79.07	
6.69	9.31	82.79	
6.69	9.00	84.93	
6.69	9.00	85.76	
6.69	8.21	86.59	
6.69	8.00	87.76	
6.69	9.10	87.53	
6.69	10.79	81.31	
6.69	12.28	75.62	
6.69	14.76	67.31	
6.69	16.66	60.76	
6.69	18.83	53.60	
6.69	20.79	47.24	
6.69	23.03	40.28	
6.69	24.69	36.93	
6.69	25.48	37.14	
6.69	24.34	37.66	
6.69	23.00	39.03	
6.69	21.97	41.86	
6.69	20.24	50.10	
6.69	18.38	55.90	
6.69	16.90	60.07	
6.69	15.50	64.60	
6.69	13.97	69.03	
6.69	13.00	73.21	
6.69	12.07	75.31	
6.69	10.59	79.76	
6.69	9.43	83.70	
6.69	9.00	85.70	
6.69	9.24	86.97	
6.69	11.03	83.20	
6.69	13.34	74.48	
6.69	15.62	66.97	
6.69	17.72	60.24	
6.69	19.37	55.30	
6.69	21.38	50.34	
6.69	23.45	43.59	
6.69	25.93	39.31	
6.69	27.00	38.67	
6.69	26.87	37.63	
6.69	25.33	37.93	
6.69	23.41	40.41	
6.69	21.93	45.41	
6.69	20.23	51.53	
6.69	18.30	58.17	
6.69	14.31	61.38	
6.69	15.21	68.72	
6.69	14.37	71.83	
6.69	12.83	75.90	
6.69	11.59	79.59	
6.69	10.47	82.67	
6.69	10.00	85.86	
6.69	9.83	85.86	
6.69	9.10	87.79	
6.69	11.38	86.69	
6.69	15.17	70.63	
6.69	17.69	63.59	
6.69	19.97	55.86	
6.69	21.41	49.55	
6.69	23.34	43.97	
6.69	25.48	38.48	
6.69	28.31	35.38	
6.69	30.00	31.90	
6.69	30.00	31.87	
6.69	28.66	31.00	
6.69	26.53	31.83	
6.69	24.97	37.55	
6.69	22.93	43.23	
6.69	21.17	46.87	
6.69	19.48	48.52	
6.69	17.79	50.41	
6.69	15.48	57.72	
6.69	14.83	59.38	
6.69	13.03	65.90	
6.69	11.48	71.66	
6.69	10.38	74.83	
6.69	10.00	77.72	
6.69	10.37	79.47	
6.69	12.17	76.93	
6.69	14.83	67.83	
6.69	17.24	59.52	
6.69	19.07	54.48	
6.69	20.41	52.03	
6.69	22.70	47.27	
6.69	24.52	41.34	
6.69	27.48	36.28	
6.69	28.90	34.00	
6.69	29.37	33.37	
6.69	27.34	35.97	
6.69	24.52	42.69	
6.69	22.45	45.07	
6.69	20.28	50.10	
6.69	18.20	56.07	
6.69	16.10	62.34	
6.69	14.53	67.00	
6.69	13.48	70.21	
6.69	12.41	73.59	
6.69	11.33	77.07	
6.69	10.59	80.07	
6.69	9.79	83.24	
6.69	9.00	85.24	
6.69	9.38	86.34	
6.69	11.60	82.27	
6.69	13.45	74.90	
6.69	14.55	68.17	
6.69	16.73	63.83	
6.69	18.33	59.97	
6.69	19.34	57.03	
6.69	20.97	54.80	
6.69	23.57	47.20	
6.69	26.47	41.20	
6.69	26.72	39.62	
6.69	25.70	39.57	
6.69	25.00	41.23	
6.69	24.17	43.69	
6.69	22.59	48.41	
6.69	20.97	54.93	
6.69	19.10	58.53	
6.69	17.73	60.93	
6.69	16.90	63.55	
6.69	15.90	66.83	
6.69	14.59	71.38	
6.69	13.48	74.52	
6.69	13.00	77.67	
6.69	12.45	78.83	
6.69	12.07	82.03	
6.69	14.52	76.31	
6.69	17.60	63.33	
6.69	20.93	55.10	
6.69	24.07	47.38	
6.69	27.17	35.67	
6.69	28.87	26.17	
6.69	29.83	23.79	
6.69	31.43	23.43	
6.69	32.30	22.87	
6.69	31.83	21.83	
6.69	30.38	21.17	
6.69	28.53	22.43	
6.69	27.10	23.79	
6.69	24.40	29.70	
6.69	20.48	38.07	
6.69	18.28	42.93	
6.69	16.60	46.07	
6.69	15.38	50.48	
6.69	14.14	53.34	
6.69	14.00	51.66	
6.69	13.31	55.69	
6.69	12.21	61.79	
6.69	11.17	64.86	
6.69	12.59	59.00	
6.69	14.87	56.77	
6.69	18.50	46.93	
6.69	21.21	39.53	
1.15	24.00	33.46	
1.17	24.00	31.35	
1.47	25.00	30.47	
1.52	25.00	30.92	
1.54	25.00	30.96	
1.31	25.00	30.10	
1.48	25.31	30.17	
1.68	26.00	31.50	
1.70	26.00	32.80	
2.25	26.00	34.00	
2.48	26.00	34.52	
2.47	24.00	39.17	
2.10	24.00	39.07	
2.27	24.00	39.17	
1.97	24.00	39.83	
1.90	24.00	40.00	
1.63	24.00	39.77	
1.63	24.00	39.83	
1.43	24.10	40.00	
1.18	25.00	40.00	
0.80	25.40	40.00	
0.88	26.00	40.00	
0.73	26.00	39.53	
0.75	26.00	40.00	
0.48	23.00	40.22	
0.80	23.47	41.60	
1.00	24.00	42.00	
1.13	24.00	42.03	
0.93	24.00	41.50	
1.00	24.00	41.27	
1.25	25.00	41.00	
0.91	25.00	38.70	
1.69	24.00	38.69	
1.60	23.00	40.03	
1.27	23.00	40.07	
1.30	23.20	40.13	
1.37	24.00	40.56	
1.60	24.00	41.00	
1.63	24.87	40.37	
1.70	24.07	40.60	
1.43	24.07	39.87	
1.45	24.18	39.91	
1.54	25.00	39.69	
1.62	25.00	40.00	
1.67	25.00	40.00	
1.50	25.00	40.00	
0.86	23.00	44.93	
0.80	23.83	45.70	
0.62	24.00	45.85	
0.80	24.00	47.00	
0.71	24.00	47.67	
0.67	24.00	46.90	
0.69	24.00	48.27	
0.47	24.00	48.87	
0.63	24.00	48.20	
0.59	24.00	47.28	
0.46	24.00	46.32	
0.43	24.00	46.00	
0.70	24.00	46.00	
0.83	24.00	45.57	
0.97	23.53	45.00	
1.00	23.00	44.60	
0.97	23.00	44.00	
0.97	23.00	44.00	
0.97	23.00	44.00	
1.00	23.00	44.00	
1.00	23.00	43.27	
1.00	23.00	44.63	
0.97	23.00	45.43	
1.00	23.00	46.00	
0.92	17.00	62.25	
0.93	17.41	57.76	
1.00	18.41	57.66	
0.97	17.31	65.31	
0.97	16.37	70.43	
0.97	17.97	63.83	
1.28	17.45	67.66	
2.38	15.10	85.24	
2.97	15.00	87.69	
3.47	15.00	86.90	
4.34	15.00	88.24	
6.03	14.34	90.55	
6.62	14.00	91.21	
6.03	13.31	93.28	
8.70	13.00	94.50	
11.28	13.93	94.79	
8.69	13.59	94.14	
9.76	13.00	94.48	
11.72	13.90	94.45	
9.45	14.00	94.52	
8.34	14.00	94.21	
8.60	14.57	93.03	
6.28	15.00	91.41	
4.83	15.00	90.41	
1.48	15.00	83.45	
1.17	15.24	74.14	
1.03	16.72	68.86	
1.48	16.00	67.86	
1.59	15.90	68.55	
2.14	15.79	71.76	
2.03	16.48	69.41	
1.76	15.97	71.38	
2.10	15.17	77.72	
2.83	15.00	82.86	
4.20	14.13	85.47	
4.76	14.00	87.66	
2.62	14.00	84.03	
1.27	13.13	76.67	
1.55	12.86	75.34	
1.86	12.00	79.62	
2.07	12.00	80.13	
1.83	12.00	80.59	
1.93	12.00	82.31	
2.03	12.00	86.55	
2.10	12.00	89.17	
1.66	12.48	85.90	
1.00	13.93	80.17	
0.97	14.97	72.10	
1.00	14.69	72.28	
1.52	16.21	62.38	
2.07	16.59	56.86	
2.07	17.17	52.10	
1.83	20.17	43.00	
1.76	20.00	42.93	
2.00	17.66	48.34	
2.03	17.21	51.00	
1.93	16.00	52.38	
1.83	14.90	60.48	
2.00	14.00	67.48	
2.47	13.87	67.67	
2.66	13.00	69.79	
3.62	12.03	77.10	
4.28	12.00	78.55	
4.66	12.00	78.93	
4.31	12.00	82.62	
4.28	11.07	86.31	
2.79	11.00	86.14	
1.97	11.00	84.79	
1.86	11.41	83.62	
1.52	12.48	80.86	
1.28	13.45	76.38	
1.03	16.03	67.07	
1.34	17.41	61.21	
1.38	19.48	56.14	
1.07	21.59	50.41	
0.97	23.45	43.69	
0.86	24.10	39.07	
1.00	23.00	41.59	
1.00	20.83	48.86	
0.97	20.20	46.87	
1.59	16.34	71.07	
1.72	14.24	83.93	
2.31	14.00	88.24	
4.14	14.00	89.24	
4.59	14.00	91.00	
3.97	13.14	92.21	
2.86	13.00	94.00	
1.83	12.41	93.45	
0.93	11.00	95.34	
0.97	11.00	94.90	
0.93	10.90	94.67	
0.97	10.00	94.00	
1.21	10.72	93.66	
1.40	11.53	91.17	
1.62	13.83	83.34	
0.97	15.00	76.45	
0.93	15.45	70.10	
0.97	16.24	65.93	
0.93	17.24	62.72	
0.93	18.20	58.30	
0.97	18.31	58.24	
0.97	18.31	59.97	
1.10	17.86	62.69	
1.00	18.00	61.21	
1.93	16.62	73.93	
2.14	15.62	82.41	
2.48	14.07	88.72	
3.59	14.00	89.45	
7.72	14.00	88.79	
4.21	14.00	88.03	
3.72	13.03	89.31	
4.52	13.00	90.48	
3.53	13.00	89.47	
3.03	12.55	89.21	
3.23	12.00	89.90	
3.59	12.00	89.86	
3.17	11.48	88.72	
3.31	11.76	87.41	
2.52	12.00	84.93	
3.24	12.83	81.17	
2.66	13.00	77.24	
3.10	13.66	74.34	
3.21	14.00	70.97	
2.83	14.72	66.21	
2.83	14.00	66.41	
3.30	14.93	65.47	
3.38	17.59	59.21	
1.10	19.24	52.41	
1.37	17.80	57.90	
1.66	16.21	64.59	
2.17	15.90	71.31	
2.60	15.00	78.07	
2.79	14.86	81.34	
2.93	14.17	79.90	
2.62	14.14	77.79	
3.34	12.31	84.03	
3.07	11.00	87.66	
3.57	10.53	88.87	
4.10	9.45	90.86	
4.21	9.00	92.38	
4.93	9.59	94.14	
4.38	12.41	86.72	
4.52	13.48	81.34	
4.55	15.66	71.38	
4.72	17.00	67.59	
4.53	18.93	63.80	
4.03	20.03	59.07	
3.55	22.69	53.48	
2.90	24.43	47.57	
2.83	25.87	44.90	
3.03	25.00	46.34	
2.41	22.86	50.41	
3.33	21.70	58.27	
4.24	20.28	64.07	
2.10	17.90	72.38	
1.79	15.69	85.07	
3.41	15.00	89.48	
5.14	15.00	88.34	
5.10	14.34	88.41	
4.67	13.80	88.40	
5.21	13.00	91.07	
5.59	13.00	90.00	
6.07	13.00	89.59	
6.34	13.00	89.38	
6.66	13.17	90.14	
5.24	14.00	88.41	
5.90	14.00	86.79	
5.79	14.86	82.34	
5.03	15.72	78.90	
4.77	17.07	73.17	
4.33	19.53	65.40	
4.31	22.69	58.55	
3.90	26.45	49.28	
3.69	28.34	46.14	
3.40	29.40	44.33	
4.76	26.07	51.79	
5.21	23.24	60.66	
2.14	22.24	54.03	
2.59	20.03	57.24	
3.76	17.76	66.28	
4.79	15.52	73.24	
4.83	13.69	77.79	
4.60	12.77	81.33	
4.97	11.69	84.90	
4.90	12.48	85.55	
4.63	12.00	85.13	
5.34	12.00	85.97	
5.07	12.00	84.86	
5.21	12.00	83.17	
5.24	12.76	82.17	
5.17	13.00	80.45	
4.66	13.00	77.79	
4.31	14.90	75.83	
3.31	16.41	71.24	
3.03	16.10	73.28	
2.83	15.66	79.10	
1.62	15.17	80.76	
1.90	15.00	69.03	
1.59	15.21	61.41	
2.28	14.83	59.07	
2.90	14.00	60.07	
3.55	13.79	63.48	
7.93	13.00	67.67	
9.00	12.07	70.97	
4.21	12.00	73.03	
3.72	11.10	77.28	
3.48	11.00	79.24	
2.86	11.00	80.38	
1.93	11.00	82.07	
2.28	10.38	84.00	
2.62	10.00	85.31	
2.38	10.28	84.83	
2.03	11.00	83.72	
1.97	11.48	80.10	
2.07	12.72	74.52	
2.59	14.00	71.21	
1.72	14.00	70.83	
1.13	14.00	71.70	
1.10	13.73	72.80	
1.52	13.14	80.24	
2.90	12.24	87.62	
3.14	11.83	90.62	
5.27	11.00	92.50	
8.00	11.34	92.45	
5.80	11.00	91.70	
4.45	11.00	92.03	
8.60	10.97	91.83	
14.17	10.27	91.93	
6.28	10.00	91.97	
4.24	10.00	91.90	
4.10	10.00	91.97	
4.93	10.00	92.79	
5.17	10.00	92.97	
5.10	10.00	92.97	
4.87	10.30	92.67	
4.41	11.00	91.41	
5.14	11.41	89.90	
4.24	12.52	86.41	
3.24	14.90	78.52	
2.34	16.52	72.34	
2.07	17.83	68.66	
1.93	19.83	62.34	
1.80	22.43	54.33	
1.63	25.10	48.87	
1.57	26.40	45.33	
1.72	26.07	46.45	
1.43	24.73	46.00	
1.40	22.67	51.70	
1.03	20.62	57.41	
5.66	18.79	65.83	
7.07	18.00	71.41	
5.55	18.00	72.66	
3.97	17.00	77.14	
4.41	15.86	82.45	
5.37	15.00	85.73	
6.21	14.59	87.48	
6.60	14.10	90.17	
5.34	15.00	87.69	
3.90	14.79	85.07	
3.66	14.07	85.14	
4.41	15.00	86.24	
5.31	14.97	86.62	
4.55	15.62	82.97	
4.52	17.24	76.97	
5.00	19.48	68.93	
4.83	19.07	70.24	
4.63	20.30	66.63	
4.07	21.45	63.83	
4.03	22.34	61.03	
4.07	21.93	62.57	
4.20	20.93	66.20	
4.13	20.20	69.10	
4.28	18.55	73.48	
3.24	17.31	74.86	
3.24	16.07	76.00	
4.03	16.00	75.10	
5.17	16.00	76.03	
6.66	14.93	76.72	
5.67	14.00	78.90	
6.63	14.00	80.10	
9.07	14.00	81.00	
14.73	13.03	81.07	
10.34	13.21	81.28	
9.34	14.00	81.97	
9.55	14.28	80.24	
8.24	16.45	73.24	
7.03	16.28	69.07	
7.00	16.00	70.70	
9.24	16.79	68.14	
9.60	17.53	65.50	
9.29	18.18	65.11	
10.21	18.62	64.10	
10.66	20.28	58.79	
10.59	21.93	55.17	
11.21	20.83	56.62	
11.34	19.45	61.45	
11.48	18.07	67.07	
12.00	17.00	71.59	
14.41	16.93	73.69	
14.66	16.00	77.41	
10.14	15.97	73.79	
7.83	14.72	74.59	
6.57	13.33	78.63	
5.31	12.07	81.45	
5.03	11.07	84.38	
4.03	9.66	81.10	
2.33	12.20	82.53	
1.97	13.00	79.79	
2.31	14.28	76.28	
3.90	15.76	71.28	
5.23	17.57	65.50	
4.34	19.93	58.48	
5.13	21.57	51.73	
6.83	24.38	45.24	
8.13	27.03	40.17	
7.14	28.24	38.31	
7.90	27.69	41.38	
5.72	25.28	47.72	
5.24	23.21	50.31	
4.97	21.83	54.17	
5.14	20.00	57.79	
3.41	18.41	63.03	
3.07	16.69	69.24	
2.45	15.41	74.10	
2.24	14.66	77.93	
2.03	13.79	80.97	
2.72	13.00	84.10	
3.38	13.00	84.97	
3.97	13.00	84.93	
4.10	13.10	85.03	
4.17	14.07	83.03	
3.90	15.17	77.34	
4.38	16.31	73.86	
3.97	18.03	69.07	
4.34	19.86	63.00	
4.72	21.45	59.17	
5.23	24.27	53.03	
7.97	26.76	47.76	
8.69	26.76	47.86	
7.90	27.76	47.14	
7.90	28.14	46.83	
7.27	26.70	49.70	
6.24	25.48	52.21	
5.72	23.45	56.52	
5.52	21.72	60.24	
5.86	20.17	64.45	
5.30	18.60	69.30	
5.10	17.17	74.10	
4.86	15.69	77.59	
5.21	14.59	81.59	
5.83	14.00	85.10	
5.59	14.00	85.07	
5.66	14.00	85.00	
5.52	14.00	84.52	
5.57	14.00	83.30	
5.86	14.86	82.00	
6.55	15.69	79.41	
6.45	16.41	76.66	
6.28	18.97	69.97	
6.47	21.77	62.03	
7.23	25.20	54.57	
7.43	28.30	46.80	
5.69	30.00	41.66	
3.69	30.03	35.62	
4.28	29.76	38.00	
4.66	28.07	43.48	
5.24	25.86	51.41	
4.57	24.10	54.33	
3.21	22.03	55.86	
2.79	20.10	58.03	
2.69	18.48	61.76	
3.24	16.52	67.38	
2.55	15.79	68.76	
3.14	14.31	73.14	
2.76	14.00	73.66	
2.79	13.03	77.79	
3.27	12.00	82.53	
3.97	12.14	84.79	
3.86	13.31	81.48	
4.34	15.48	74.79	
3.93	17.55	69.66	
3.97	19.55	63.24	
3.80	21.63	56.43	
1.59	23.83	46.93	
1.03	26.79	41.14	
1.14	29.76	39.93	
1.00	30.52	38.86	
0.86	30.66	38.00	
0.55	28.97	40.00	
0.79	26.76	48.48	
1.14	24.31	55.07	
1.41	22.31	59.83	
2.17	20.14	65.03	
3.14	18.14	69.69	
3.72	16.48	73.41	
3.97	15.24	75.48	
3.83	14.17	75.86	
3.47	13.47	77.10	
3.59	12.69	80.17	
3.97	12.00	82.93	
4.21	12.00	83.07	
4.90	12.76	82.66	
6.07	13.17	81.10	
5.34	14.00	79.93	
5.40	15.17	77.00	
5.10	16.72	72.41	
4.66	19.86	64.41	
5.00	22.00	58.79	
5.10	25.00	52.23	
4.21	28.45	44.17	
3.28	29.62	41.83	
3.57	30.83	39.80	
3.55	29.17	42.62	
3.45	26.34	45.31	
2.55	23.41	41.45	
2.45	21.07	43.86	
2.55	18.79	46.55	
2.59	16.76	53.62	
3.17	15.31	60.34	
3.34	13.93	66.03	
3.47	12.77	70.50	
3.59	11.55	75.00	
3.83	10.41	79.21	
4.55	9.21	82.52	
4.45	9.31	84.76	
4.10	11.14	80.21	
3.86	13.14	73.07	
2.59	14.69	65.59	
1.90	16.86	56.17	
1.55	18.72	50.59	
1.20	20.37	48.27	
1.21	21.45	46.14	
1.17	23.37	42.97	
1.03	25.20	38.70	
1.03	25.24	36.72	
1.17	26.24	36.28	
1.28	25.59	37.45	
1.28	24.38	38.83	
1.07	21.97	42.83	
1.66	20.28	48.93	
2.28	18.10	54.62	
2.62	16.07	58.62	
2.55	14.34	61.93	
2.79	12.79	65.00	
2.48	12.00	66.21	
2.31	11.21	68.21	
2.28	9.55	74.48	
2.59	8.48	79.86	
2.83	8.07	83.45	
3.13	9.33	79.67	
2.90	11.28	71.66	
2.52	13.69	63.48	
2.38	16.00	57.00	
2.41	18.34	50.03	
2.03	20.23	43.07	
1.38	22.41	35.10	
1.48	25.17	29.66	
1.31	28.21	24.69	
1.03	29.76	22.45	
1.03	29.48	23.38	
1.00	28.79	24.59	
1.13	27.70	25.10	
1.66	25.07	30.45	
1.83	23.00	36.31	
2.03	20.97	43.41	
2.10	19.38	45.86	
2.28	17.66	51.66	
2.21	17.00	53.86	
2.03	17.00	50.62	
2.07	17.00	49.10	
2.00	16.17	49.10	
2.38	16.00	51.52	
2.41	16.00	54.86	
2.66	15.79	57.07	
2.83	16.00	59.50	
2.45	16.69	55.76	
2.48	18.00	51.14	
1.10	18.00	50.79	
1.07	19.14	45.38	
2.14	20.00	49.76	
2.86	19.55	53.55	
3.17	19.03	57.97	
3.10	20.00	56.31	
3.07	20.00	56.93	
3.00	20.00	57.48	
3.24	20.28	56.62	
2.52	19.86	57.48	
0.90	18.34	59.86	
1.10	17.00	67.21	
0.97	16.03	70.14	
1.10	14.70	71.97	
1.10	13.97	74.83	
1.24	13.00	73.48	
1.80	13.00	70.87	
1.69	12.48	68.66	
2.00	12.00	69.72	
1.69	12.00	67.86	
1.67	12.00	68.13	
1.59	13.00	65.31	
1.63	14.43	58.87	
1.76	15.97	52.28	
1.55	16.55	51.66	
1.24	17.45	49.07	
1.52	18.14	45.55	
1.27	20.37	41.27	
1.14	19.76	43.52	
1.07	16.83	60.00	
1.00	16.37	59.03	
1.24	16.17	65.10	
1.23	17.30	59.13	
1.00	16.45	50.10	
1.07	14.38	53.76	
1.17	13.03	60.79	
1.10	13.00	63.59	
1.45	12.07	67.48	
1.03	12.00	71.66	
1.00	11.41	76.48	
1.00	11.00	78.79	
1.10	10.90	83.55	
1.62	10.00	88.07	
1.90	10.00	89.66	
2.14	10.62	87.93	
1.90	11.00	84.40	
1.76	12.21	81.72	
1.24	14.03	72.21	
0.97	15.86	61.76	
0.97	16.90	59.90	
1.17	13.43	81.10	
0.66	17.07	61.72	
0.97	15.28	70.52	
1.14	14.03	79.07	
1.17	16.97	69.66	
1.10	16.72	57.00	
1.59	16.00	59.00	
1.14	14.83	61.07	
1.66	14.00	62.52	
1.90	13.07	70.45	
7.24	12.62	71.21	
12.24	11.00	75.83	
3.43	10.00	82.53	
7.07	10.62	81.07	
2.72	11.00	80.41	
2.48	11.00	81.31	
3.03	11.00	82.07	
2.59	11.00	80.45	
2.31	11.00	78.79	
1.97	11.55	78.52	
2.17	13.03	74.72	
2.14	14.41	70.21	
1.93	15.17	65.41	
1.72	15.83	62.69	
1.38	17.90	53.90	
1.45	18.79	52.17	
1.07	19.83	48.10	
0.86	22.07	42.03	
1.00	23.52	38.59	
1.00	23.17	38.60	
1.07	22.24	40.72	
1.03	19.59	46.59	
1.45	18.10	50.93	
2.17	15.80	58.70	
2.07	15.00	64.52	
1.86	14.45	69.93	
2.28	13.28	75.66	
2.00	12.14	79.59	
2.07	11.03	83.38	
2.31	10.00	87.79	
2.48	9.62	88.62	
3.93	9.03	91.90	
4.79	10.21	90.76	
3.93	11.72	84.31	
2.87	14.47	73.53	
2.69	16.72	64.86	
1.55	19.14	57.69	
1.52	20.97	50.90	
1.34	23.14	43.90	
0.97	25.83	36.14	
0.66	28.24	28.83	
0.43	30.10	26.30	
0.14	30.00	21.07	
0.80	29.50	22.80	
1.10	27.72	24.62	
1.07	25.17	31.33	
1.03	23.45	34.55	
1.00	21.55	37.93	
1.17	20.17	40.41	
1.14	19.10	41.55	
1.41	18.38	43.48	
1.55	17.31	49.66	
1.90	16.34	55.34	
1.83	15.52	56.34	
1.83	14.31	59.14	
1.83	13.50	61.83	
1.90	13.38	65.03	
2.00	15.52	60.10	
1.90	18.28	54.21	
1.86	20.90	49.24	
1.79	22.72	44.69	
1.90	24.55	42.07	
1.66	26.45	39.97	
0.77	29.27	34.43	
0.66	31.48	31.66	
0.34	32.03	31.52	
0.21	31.62	33.24	
0.47	30.50	34.07	
0.90	29.07	35.83	
0.86	27.31	38.55	
1.00	25.67	40.93	
0.97	24.28	43.62	
0.97	23.10	45.72	
1.00	22.17	48.31	
1.00	21.24	51.79	
1.00	20.41	55.83	
0.97	19.41	60.24	
1.17	18.07	65.93	
0.97	17.21	69.45	
1.17	16.00	72.90	
1.83	16.48	74.10	
1.45	18.79	66.86	
1.52	21.62	58.55	
1.17	23.80	53.40	
1.38	26.17	48.45	
1.59	28.66	45.10	
1.52	31.86	39.07	
0.55	34.86	31.00	
0.34	37.17	27.93	
0.66	37.83	27.48	
0.52	37.52	26.86	
0.59	36.72	26.55	
0.79	35.55	26.86	
0.66	33.28	28.97	
0.55	31.41	31.10	
0.93	29.10	34.66	
0.76	28.00	35.17	
0.62	27.97	35.17	
0.77	26.63	37.37	
0.69	25.69	39.52	
0.93	24.21	44.69	
1.87	22.50	52.93	
1.83	21.31	57.66	
2.24	20.07	60.93	
1.38	21.72	56.10	
2.45	23.79	54.69	
1.76	26.24	49.69	
1.07	29.62	41.14	
0.86	32.31	35.66	
0.86	34.10	32.41	
0.90	35.83	31.40	
1.50	38.03	29.10	
1.83	38.57	28.40	
1.86	36.59	31.17	
1.77	38.63	28.80	
1.57	39.00	27.50	
1.93	37.93	30.41	
2.37	35.27	35.27	
2.55	32.28	40.00	
2.40	30.07	42.97	
2.83	27.86	46.21	
3.62	25.34	52.83	
3.90	23.45	57.76	
3.63	22.47	59.27	
3.52	20.83	63.45	
3.59	19.72	67.24	
4.03	18.72	70.03	
9.86	18.00	74.10	
5.43	18.47	74.00	
4.76	19.90	67.66	
4.69	22.59	59.79	
5.55	24.07	57.03	
5.07	25.45	53.45	
5.17	27.72	49.17	
4.90	29.21	45.79	
2.14	30.83	36.38	
1.66	32.76	32.90	
2.14	32.93	33.72	
1.79	32.00	32.62	
1.59	30.86	33.72	
1.86	29.34	36.55	
1.72	25.90	45.34	
0.97	22.00	53.73	
1.14	19.55	59.45	
1.63	17.07	66.83	
2.03	15.14	72.97	
2.03	14.00	75.17	
1.86	13.34	74.66	
1.63	13.13	75.07	
1.55	14.00	73.48	
1.07	14.00	73.00	
0.97	11.93	70.00	
0.62	14.83	69.66	
0.37	15.07	67.27	
0.66	15.97	64.14	
0.48	16.90	59.76	
1.03	18.31	55.76	
1.03	19.45	52.93	
1.00	20.59	51.21	
0.97	22.62	47.34	
1.00	24.93	43.07	
1.00	25.93	41.52	
1.07	26.03	42.31	
1.21	25.41	44.41	
1.41	23.86	47.76	
1.21	21.34	53.41	
1.21	19.41	58.97	
1.28	17.76	65.38	
1.28	16.66	69.10	
1.45	15.59	72.48	
1.52	14.59	74.69	
1.67	13.57	77.40	
1.93	13.34	77.90	
1.83	14.00	75.66	
1.93	14.00	75.66	
1.97	14.00	75.21	
2.07	14.00	76.28	
2.34	14.00	76.83	
2.52	14.17	75.28	
2.28	15.00	72.31	
2.69	15.76	69.79	
2.90	16.41	67.69	
3.00	17.93	63.50	
3.10	21.83	53.72	
3.24	25.31	46.00	
3.24	27.24	43.66	
2.69	28.38	41.79	
2.14	28.34	40.10	
2.55	27.34	42.03	
2.63	24.93	48.80	
2.48	23.45	53.34	
2.33	21.63	58.00	
2.97	19.93	63.40	
2.62	18.00	68.24	
2.28	16.41	71.93	
2.31	15.17	74.86	
2.45	14.31	77.55	
2.69	13.41	79.90	
3.17	12.41	83.38	
3.30	12.70	83.60	
2.97	13.00	81.69	
3.14	13.28	79.72	
3.83	14.24	77.03	
3.69	15.69	71.97	
3.03	18.79	63.24	
3.21	21.07	57.38	
3.17	23.53	52.33	
2.45	26.86	45.38	
1.86	30.21	39.48	
1.34	30.72	39.34	
1.10	30.14	40.55	
1.14	28.62	43.79	
1.07	26.97	46.55	
0.93	24.86	51.59	
1.00	22.76	54.86	
0.76	20.97	57.76	
0.72	19.52	62.10	
0.90	18.24	68.14	
0.90	16.79	73.45	
0.93	15.62	77.69	
